   2.0242725e+01  -7.6890348e+01   4.2094777e+01  -7.5035967e+01   7.4000956e+01  -7.2988902e+01   1.0654981e+02  -6.9873484e+01   1.1641842e+02  -6.9099399e+01  -4.6978542e-04
   2.0272957e+01  -7.6910981e+01   4.2094777e+01  -7.5035967e+01   7.3997225e+01  -7.2886477e+01   1.0638034e+02  -6.9761708e+01   1.1640507e+02  -6.9105377e+01   3.0813438e-03
   2.0242725e+01  -7.6890348e+01   4.2161032e+01  -7.5155789e+01   7.4000956e+01  -7.2988902e+01   1.0637321e+02  -6.9564253e+01   1.1640270e+02  -6.9009436e+01   5.1030086e-03
   2.0241939e+01  -7.6791174e+01   4.2161032e+01  -7.5155789e+01   7.3997225e+01  -7.2886477e+01   1.0653758e+02  -6.9574022e+01   1.1639734e+02  -6.8907947e+01   5.4159334e-03
   2.0272957e+01  -7.6910981e+01   4.2094777e+01  -7.5035967e+01   7.3995825e+01  -7.2789432e+01   1.0636283e+02  -6.9360859e+01   1.1620062e+02  -6.8594185e+01   8.3251264e-03
   2.0241939e+01  -7.6791174e+01   4.2161032e+01  -7.5155789e+01   7.3992092e+01  -7.2687026e+01   1.0635015e+02  -6.9061277e+01   1.1618671e+02  -6.8294822e+01   8.7551269e-03
   2.0241939e+01  -7.6791174e+01   4.2094777e+01  -7.5035967e+01   7.3988292e+01  -7.2584261e+01   1.0651378e+02  -6.9069250e+01   1.1618025e+02  -6.8192192e+01   1.1108716e-02
   2.0241939e+01  -7.6791174e+01   4.2092740e+01  -7.4934406e+01   7.3908479e+01  -7.2501315e+01   1.0633725e+02  -6.8761423e+01   1.1617252e+02  -6.7995190e+01   1.3462031e-02
   2.0241939e+01  -7.6791174e+01   4.2158033e+01  -7.4957707e+01   7.3983157e+01  -7.2384857e+01   1.0632411e+02  -6.8461300e+01   1.1615031e+02  -6.7498360e+01   1.9668329e-02
   2.0242725e+01  -7.6890348e+01   4.2158033e+01  -7.4957707e+01   7.3978023e+01  -7.2185479e+01   1.0611830e+02  -6.8158469e+01   1.1614258e+02  -6.7301450e+01   2.3757351e-02
   2.0272957e+01  -7.6910981e+01   4.2089744e+01  -7.4736665e+01   7.3781586e+01  -7.2082018e+01   1.0627923e+02  -6.7975851e+01   1.1611876e+02  -6.7011754e+01   2.5705571e-02
   2.0241939e+01  -7.6791174e+01   4.2155986e+01  -7.4856012e+01   7.3967755e+01  -7.1786799e+01   1.0626494e+02  -6.7580859e+01   1.1591865e+02  -6.6511064e+01   2.7012837e-02
   2.0241939e+01  -7.6791174e+01   4.2086748e+01  -7.4538949e+01   7.3846079e+01  -7.1568418e+01   1.0625065e+02  -6.7185967e+01   1.1590321e+02  -6.6117529e+01   2.9062742e-02
   2.0241939e+01  -7.6791174e+01   4.2152983e+01  -7.4657982e+01   7.3770082e+01  -7.1587117e+01   1.0607551e+02  -6.6975516e+01   1.1588846e+02  -6.5817735e+01   3.4500747e-02
   2.0241939e+01  -7.6791174e+01   4.2086748e+01  -7.4538949e+01   7.3835832e+01  -7.1170527e+01   1.0589202e+02  -6.6381130e+01   1.1586364e+02  -6.5432344e+01   3.8004925e-02
   2.0241939e+01  -7.6791174e+01   4.2084794e+01  -7.4437077e+01   7.3757163e+01  -7.1181510e+01   1.0584824e+02  -6.6081781e+01   1.1565739e+02  -6.4924927e+01   4.0370341e-02
   2.0211016e+01  -7.6671726e+01   4.2085803e+01  -7.4442747e+01   7.3750852e+01  -7.0886422e+01   1.0583400e+02  -6.5687913e+01   1.1564158e+02  -6.4438548e+01   4.2959054e-02
   2.0241939e+01  -7.6791174e+01   4.2083752e+01  -7.4341260e+01   7.3745730e+01  -7.0687246e+01   1.0581977e+02  -6.5294144e+01   1.1561885e+02  -6.3942369e+01   4.6731564e-02
   2.0242725e+01  -7.6890348e+01   4.2083752e+01  -7.4341260e+01   7.3737790e+01  -7.0480356e+01   1.0563122e+02  -6.4786533e+01   1.1522956e+02  -6.3244049e+01   5.0400600e-02
   2.0241939e+01  -7.6791174e+01   4.2082813e+01  -7.4245059e+01   7.3618078e+01  -7.0175871e+01   1.0559913e+02  -6.4504599e+01   1.1519694e+02  -6.2754006e+01   5.3733804e-02
   2.0211798e+01  -7.6770751e+01   4.2082813e+01  -7.4245059e+01   7.3612970e+01  -6.9977093e+01   1.0559137e+02  -6.4214154e+01   1.1519683e+02  -6.2661220e+01   5.7787090e-02
   2.0241939e+01  -7.6791174e+01   4.2080757e+01  -7.4143597e+01   7.3607862e+01  -6.9778340e+01   1.0555189e+02  -6.3826534e+01   1.1517084e+02  -6.2179202e+01   5.8162645e-02
   2.0241939e+01  -7.6791174e+01   4.2079822e+01  -7.4047397e+01   7.3602754e+01  -6.9579614e+01   1.0536379e+02  -6.3228583e+01   1.1495812e+02  -6.1389959e+01   6.1584136e-02
   2.0241939e+01  -7.6791174e+01   4.2079822e+01  -7.4047397e+01   7.3518674e+01  -6.9389228e+01   1.0534357e+02  -6.2825928e+01   1.1492560e+02  -6.1083070e+01   6.4578021e-02
   2.0241939e+01  -7.6791174e+01   4.2079822e+01  -7.4047397e+01   7.3514673e+01  -6.9285752e+01   1.0513739e+02  -6.2430706e+01   1.1473044e+02  -6.0397402e+01   6.5096760e-02
   2.0241939e+01  -7.6791174e+01   4.1952699e+01  -7.4065837e+01   7.3391437e+01  -6.8880297e+01   1.0512323e+02  -6.2037809e+01   1.1452347e+02  -5.9911742e+01   6.9840906e-02
   2.0241939e+01  -7.6791174e+01   4.1952699e+01  -7.4065837e+01   7.3428077e+01  -6.8903073e+01   1.0491008e+02  -6.1446478e+01   1.1449000e+02  -5.9417845e+01   7.2561596e-02
   2.0241939e+01  -7.6791174e+01   4.1885856e+01  -7.3851545e+01   7.3305909e+01  -6.8593139e+01   1.0473570e+02  -6.0965715e+01   1.1446407e+02  -5.9025566e+01   7.4491807e-02
   2.0241939e+01  -7.6791174e+01   4.1949711e+01  -7.3867906e+01   7.3300815e+01  -6.8394270e+01   1.0471557e+02  -6.0564474e+01   1.1425978e+02  -5.8437833e+01   7.4888993e-02
   2.0241939e+01  -7.6791174e+01   4.1883803e+01  -7.3750127e+01   7.3291722e+01  -6.8092090e+01   1.0466899e+02  -6.0163564e+01   1.1422859e+02  -5.7840879e+01   8.0557441e-02
   2.0241939e+01  -7.6791174e+01   4.1947746e+01  -7.3765971e+01   7.3290628e+01  -6.7996609e+01   1.0448886e+02  -5.9583029e+01   1.1402188e+02  -5.7355642e+01   8.2115620e-02
   2.0241939e+01  -7.6791174e+01   4.1880822e+01  -7.3552537e+01   7.3280443e+01  -6.7599051e+01   1.0444888e+02  -5.9284021e+01   1.1381500e+02  -5.6870272e+01   8.2201014e-02
   2.0241939e+01  -7.6791174e+01   4.1880822e+01  -7.3552537e+01   7.3158731e+01  -6.7291856e+01   1.0443444e+02  -5.8798669e+01   1.1378064e+02  -5.6279329e+01   8.6078014e-02
   2.0241939e+01  -7.6791174e+01   4.1880822e+01  -7.3552537e+01   7.3157587e+01  -6.7196187e+01   1.0422870e+02  -5.8404662e+01   1.1358522e+02  -5.5892099e+01   9.2539742e-02
   2.0241939e+01  -7.6791174e+01   4.1945802e+01  -7.3573649e+01   7.2960576e+01  -6.6997457e+01   1.0421466e+02  -5.8012808e+01   1.1355818e+02  -5.5495363e+01   9.2100416e-02
   2.0241939e+01  -7.6791174e+01   4.1877841e+01  -7.3354972e+01   7.3067857e+01  -6.6803904e+01   1.0401545e+02  -5.7721354e+01   1.1335099e+02  -5.5102354e+01   9.5403229e-02
   2.0241939e+01  -7.6791174e+01   4.1877841e+01  -7.3354972e+01   7.2874505e+01  -6.6707765e+01   1.0397405e+02  -5.7325486e+01   1.1333560e+02  -5.4618819e+01   9.7668088e-02
   2.0241939e+01  -7.6791174e+01   4.1751569e+01  -7.3377556e+01   7.2869441e+01  -6.6509132e+01   1.0380210e+02  -5.7038059e+01   1.1313482e+02  -5.4234374e+01   9.9710540e-02
   2.0211798e+01  -7.6770751e+01   4.1876926e+01  -7.3258778e+01   7.2864378e+01  -6.6310524e+01   1.0378245e+02  -5.6638154e+01   1.1311364e+02  -5.3928822e+01   1.0204038e-01
   2.0084624e+01  -7.6914354e+01   4.1876926e+01  -7.3258778e+01   7.2859315e+01  -6.6111942e+01   1.0374153e+02  -5.6334866e+01   1.1308598e+02  -5.3621881e+01   1.0511682e-01
   2.0241939e+01  -7.6791174e+01   4.1874860e+01  -7.3157434e+01   7.2739462e+01  -6.5902965e+01   1.0356945e+02  -5.5955665e+01   1.1271281e+02  -5.3061569e+01   1.0513641e-01
   2.0241939e+01  -7.6791174e+01   4.1749508e+01  -7.3276049e+01   7.2738335e+01  -6.5807322e+01   1.0353449e+02  -5.5753457e+01   1.1269150e+02  -5.2762705e+01   1.0639616e-01
   2.0272957e+01  -7.6910981e+01   4.1748599e+01  -7.3179699e+01   7.2733284e+01  -6.5609110e+01   1.0332956e+02  -5.5453704e+01   1.1266960e+02  -5.2364132e+01   1.0927429e-01
   2.0241939e+01  -7.6791174e+01   4.1871880e+01  -7.2959921e+01   7.2651993e+01  -6.5516037e+01   1.0314537e+02  -5.4872026e+01   1.1246259e+02  -5.1879157e+01   1.1328201e-01
   2.0241939e+01  -7.6791174e+01   4.1746534e+01  -7.3078216e+01   7.2527450e+01  -6.5109946e+01   1.0296158e+02  -5.4292129e+01   1.1224852e+02  -5.1478194e+01   1.1149322e-01
   2.0241939e+01  -7.6791174e+01   4.1746534e+01  -7.3078216e+01   7.2523471e+01  -6.5007124e+01   1.0291975e+02  -5.4079220e+01   1.1204811e+02  -5.0905216e+01   1.1505930e-01
   2.0272957e+01  -7.6910981e+01   4.1746534e+01  -7.3078216e+01   7.2637964e+01  -6.5016456e+01   1.0291270e+02  -5.3790960e+01   1.1202695e+02  -5.0604444e+01   1.1542548e-01
   2.0241939e+01  -7.6791174e+01   4.1868900e+01  -7.2762435e+01   7.2440832e+01  -6.4817749e+01   1.0270759e+02  -5.3398542e+01   1.1181287e+02  -5.0111112e+01   1.2061288e-01
   2.0241939e+01  -7.6791174e+01   4.1743561e+01  -7.2880410e+01   7.2434683e+01  -6.4523599e+01   1.0267138e+02  -5.3099732e+01   1.1179090e+02  -4.9808288e+01   1.2492651e-01
   2.0241939e+01  -7.6791174e+01   4.1743561e+01  -7.2880410e+01   7.2314441e+01  -6.4221737e+01   1.0230985e+02  -5.2724168e+01   1.1157686e+02  -4.9314792e+01   1.2295901e-01
   2.0241939e+01  -7.6791174e+01   4.1743561e+01  -7.2880410e+01   7.2309418e+01  -6.4023732e+01   1.0245273e+02  -5.2409549e+01   1.1139249e+02  -4.8948759e+01   1.2703291e-01
   2.0241939e+01  -7.6791174e+01   4.1740587e+01  -7.2682630e+01   7.2227552e+01  -6.3928338e+01   1.0224750e+02  -5.2016962e+01   1.1117139e+02  -4.8354688e+01   1.2803735e-01
   2.0241939e+01  -7.6791174e+01   4.1675020e+01  -7.2566732e+01   7.2223632e+01  -6.3825821e+01   1.0191053e+02  -5.1554483e+01   1.1116395e+02  -4.8160356e+01   1.2931908e-01
   2.0241939e+01  -7.6791174e+01   4.1740587e+01  -7.2682630e+01   7.2103754e+01  -6.3525179e+01   1.0203545e+02  -5.1429185e+01   1.1095777e+02  -4.7769761e+01   1.3163135e-01
   2.0241939e+01  -7.6791174e+01   4.1740587e+01  -7.2682630e+01   7.2021599e+01  -6.3429068e+01   1.0183676e+02  -5.1138642e+01   1.1075902e+02  -4.7388021e+01   1.3460132e-01
   2.0241939e+01  -7.6791174e+01   4.1865024e+01  -7.2468788e+01   7.2016589e+01  -6.3230869e+01   1.0162488e+02  -5.0551252e+01   1.1071360e+02  -4.6776839e+01   1.3936392e-01
   2.0241939e+01  -7.6791174e+01   4.1672053e+01  -7.2369293e+01   7.1893104e+01  -6.2828689e+01   1.0143735e+02  -4.9970476e+01   1.1031713e+02  -4.6108997e+01   1.3962493e-01
   2.0211016e+01  -7.6671726e+01   4.1672053e+01  -7.2369293e+01   7.1889085e+01  -6.2725815e+01   1.0127012e+02  -4.9696274e+01   1.1012663e+02  -4.5831961e+01   1.4037588e-01
   2.0241939e+01  -7.6791174e+01   4.1737614e+01  -7.2484876e+01   7.1884083e+01  -6.2528032e+01   1.0105898e+02  -4.9203857e+01   1.1009592e+02  -4.5423364e+01   1.4700831e-01
   2.0241939e+01  -7.6791174e+01   4.1669087e+01  -7.2171879e+01   7.1690462e+01  -6.2337583e+01   1.0102141e+02  -4.8900738e+01   1.0987363e+02  -4.5011529e+01   1.5099060e-01
   2.0241939e+01  -7.6791174e+01   4.1669087e+01  -7.2171879e+01   7.1680493e+01  -6.1942104e+01   1.0078511e+02  -4.8399240e+01   1.0966804e+02  -4.4343268e+01   1.5271286e-01
   2.0241939e+01  -7.6791174e+01   4.1669087e+01  -7.2171879e+01   7.1597765e+01  -6.1843678e+01   1.0060588e+02  -4.7924634e+01   1.0945476e+02  -4.3944928e+01   1.5447865e-01
   2.0241939e+01  -7.6791174e+01   4.1666121e+01  -7.1974491e+01   7.1479988e+01  -6.1641716e+01   1.0039477e+02  -4.7525072e+01   1.0923243e+02  -4.3444057e+01   1.5740661e-01
   2.0241939e+01  -7.6791174e+01   4.1668203e+01  -7.2075694e+01   7.1475015e+01  -6.1444063e+01   1.0035633e+02  -4.7312129e+01   1.0903549e+02  -4.3064097e+01   1.6016084e-01
   2.0084624e+01  -7.6914354e+01   4.1666121e+01  -7.1974491e+01   7.1391997e+01  -6.1344921e+01   1.0015181e+02  -4.6828255e+01   1.0883020e+02  -4.2582173e+01   1.6346270e-01
   2.0241939e+01  -7.6791174e+01   4.1664134e+01  -7.1872940e+01   7.1272538e+01  -6.0953360e+01   9.9947174e+01  -4.6344288e+01   1.0859848e+02  -4.1971791e+01   1.7013394e-01
   2.0241939e+01  -7.6791174e+01   4.1664134e+01  -7.1872940e+01   7.1267581e+01  -6.0755787e+01   9.9736350e+01  -4.5852300e+01   1.0838484e+02  -4.1573505e+01   1.6762137e-01
   2.0241939e+01  -7.6791174e+01   4.1663156e+01  -7.1777130e+01   7.1180329e+01  -6.0553169e+01   9.9565012e+01  -4.5576011e+01   1.0819810e+02  -4.1212065e+01   1.7001842e-01
   2.0241939e+01  -7.6791174e+01   4.1663156e+01  -7.1777130e+01   7.1063207e+01  -6.0353124e+01   9.9518539e+01  -4.5258604e+01   1.0781485e+02  -4.0564909e+01   1.7295446e-01
   2.0241939e+01  -7.6791174e+01   4.1663156e+01  -7.1777130e+01   7.0978657e+01  -6.0157343e+01   9.9117027e+01  -4.4672620e+01   1.0760269e+02  -3.9983751e+01   1.7973055e-01
   2.0241939e+01  -7.6791174e+01   4.1534576e+01  -7.1695868e+01   7.0860923e+01  -5.9863073e+01   9.9070040e+01  -4.4260729e+01   1.0754831e+02  -3.9536138e+01   1.8156638e-01
   2.0241939e+01  -7.6791174e+01   4.1534576e+01  -7.1695868e+01   7.0855990e+01  -5.9665651e+01   9.8865742e+01  -4.3870216e+01   1.0732204e+02  -3.9208461e+01   1.8534679e-01
   2.0242725e+01  -7.6890348e+01   4.1534576e+01  -7.1695868e+01   7.0772109e+01  -5.9563917e+01   9.8708917e+01  -4.3613913e+01   1.0712361e+02  -3.9013012e+01   1.8859257e-01
   2.0084624e+01  -7.6914354e+01   4.1534576e+01  -7.1695868e+01   7.0771112e+01  -5.9468555e+01   9.8633132e+01  -4.3462805e+01   1.0692511e+02  -3.8538305e+01   1.9388889e-01
   2.0211016e+01  -7.6671726e+01   4.1468474e+01  -7.1485356e+01   7.0690862e+01  -5.9468552e+01   9.8596288e+01  -4.3248643e+01   1.0707881e+02  -3.8573282e+01   1.9633608e-01
   2.0241939e+01  -7.6791174e+01   4.1468474e+01  -7.1485356e+01   7.0693555e+01  -5.9473999e+01   9.8560518e+01  -4.3222152e+01   1.0705488e+02  -3.8444676e+01   1.9711101e-01
   2.0241939e+01  -7.6791174e+01   4.1468474e+01  -7.1485356e+01   7.0692369e+01  -5.9377253e+01   9.8564338e+01  -4.3227249e+01   1.0703182e+02  -3.8410131e+01   1.9654711e-01
   2.0242725e+01  -7.6890348e+01   4.1468474e+01  -7.1485356e+01   7.0692369e+01  -5.9377253e+01   9.8726604e+01  -4.3397069e+01   1.0723140e+02  -3.8606715e+01   1.9401941e-01
   2.0241939e+01  -7.6791174e+01   4.1468474e+01  -7.1485356e+01   7.0808925e+01  -5.9574396e+01   9.8893788e+01  -4.3667032e+01   1.0739728e+02  -3.9030042e+01   1.9351142e-01
   2.0241939e+01  -7.6791174e+01   4.1533706e+01  -7.1599533e+01   7.0813853e+01  -5.9772764e+01   9.9063225e+01  -4.4033850e+01   1.0759937e+02  -3.9230587e+01   1.9290597e-01
   2.0211016e+01  -7.6671726e+01   4.1535891e+01  -7.1700477e+01   7.0817489e+01  -5.9873615e+01   9.9264155e+01  -4.4234112e+01   1.0778734e+02  -3.9688791e+01   1.8872159e-01
   2.0241939e+01  -7.6791174e+01   4.1409863e+01  -7.1816933e+01   7.0821074e+01  -5.9974168e+01   9.9273593e+01  -4.4527709e+01   1.0798800e+02  -3.9886522e+01   1.8211079e-01
   2.0241939e+01  -7.6791174e+01   4.1535891e+01  -7.1700477e+01   7.0939263e+01  -6.0270022e+01   9.9640431e+01  -4.4996881e+01   1.0819965e+02  -4.0379534e+01   1.7594878e-01
   2.0241939e+01  -7.6791174e+01   4.1538841e+01  -7.1898153e+01   7.1141850e+01  -6.0667794e+01   9.9890372e+01  -4.5615672e+01   1.0861194e+02  -4.1070469e+01   1.6821600e-01
   2.0241939e+01  -7.6791174e+01   4.1538841e+01  -7.1898153e+01   7.1148868e+01  -6.0868391e+01   9.9903730e+01  -4.6009531e+01   1.0880720e+02  -4.1727754e+01   1.6760574e-01
   2.0241939e+01  -7.6791174e+01   4.1538841e+01  -7.1898153e+01   7.1232623e+01  -6.0968759e+01   1.0010693e+02  -4.6305893e+01   1.0883786e+02  -4.1956332e+01   1.6275241e-01
   2.0241939e+01  -7.6791174e+01   4.1541117e+01  -7.1998770e+01   7.1235509e+01  -6.1165527e+01   1.0031680e+02  -4.6798899e+01   1.0907203e+02  -4.2480470e+01   1.5410179e-01
   2.0241939e+01  -7.6791174e+01   4.1667423e+01  -7.1979139e+01   7.1436454e+01  -6.1464688e+01   1.0055849e+02  -4.7217057e+01   1.0945971e+02  -4.3041986e+01   1.4496084e-01
   2.0084624e+01  -7.6914354e+01   4.1667423e+01  -7.1979139e+01   7.1442850e+01  -6.1761573e+01   1.0074004e+02  -4.7884143e+01   1.0969719e+02  -4.3662584e+01   1.4240138e-01
   2.0241939e+01  -7.6791174e+01   4.1669699e+01  -7.2079619e+01   7.1640316e+01  -6.1960466e+01   1.0078526e+02  -4.8201710e+01   1.0990547e+02  -4.4057241e+01   1.3910533e-01
   2.0241939e+01  -7.6791174e+01   4.1670379e+01  -7.2176548e+01   7.1643847e+01  -6.2060867e+01   1.0098845e+02  -4.8498908e+01   1.0994085e+02  -4.4478981e+01   1.3558818e-01
   2.0242725e+01  -7.6890348e+01   4.1733756e+01  -7.2190807e+01   7.1650272e+01  -6.2357863e+01   1.0123268e+02  -4.9013276e+01   1.1033299e+02  -4.5142397e+01   1.3060027e-01
   2.0241939e+01  -7.6791174e+01   4.1735937e+01  -7.2291817e+01   7.1655251e+01  -6.2556600e+01   1.0140152e+02  -4.9289227e+01   1.1036444e+02  -4.5464065e+01   1.2813155e-01
   2.0241939e+01  -7.6791174e+01   4.1671164e+01  -7.2273106e+01   7.1852785e+01  -6.2755609e+01   1.0161150e+02  -4.9783319e+01   1.1057266e+02  -4.5858704e+01   1.2525657e-01
   2.0241939e+01  -7.6791174e+01   4.1673336e+01  -7.2373982e+01   7.1861302e+01  -6.3054872e+01   1.0182819e+02  -5.0474293e+01   1.1097201e+02  -4.6722102e+01   1.2084773e-01
   2.0241939e+01  -7.6791174e+01   4.1738901e+01  -7.2489567e+01   7.1984758e+01  -6.3456423e+01   1.0203873e+02  -5.0968532e+01   1.1120361e+02  -4.7240270e+01   1.1507861e-01
   2.0241939e+01  -7.6791174e+01   4.1738901e+01  -7.2489567e+01   7.2063883e+01  -6.3452815e+01   1.0207883e+02  -5.1182987e+01   1.1123107e+02  -4.7460594e+01   1.1592930e-01
   2.0211016e+01  -7.6671726e+01   4.1738901e+01  -7.2489567e+01   7.2068887e+01  -6.3651697e+01   1.0212215e+02  -5.1495335e+01   1.1144370e+02  -4.7953261e+01   1.0760520e-01
   2.0241939e+01  -7.6791174e+01   4.1741865e+01  -7.2687342e+01   7.2152720e+01  -6.3846055e+01   1.0232811e+02  -5.1888934e+01   1.1166011e+02  -4.8543477e+01   1.0332139e-01
   2.0241939e+01  -7.6791174e+01   4.1741865e+01  -7.2687342e+01   7.2276554e+01  -6.4248767e+01   1.0271265e+02  -5.2763428e+01   1.1170398e+02  -4.9253422e+01   1.0239240e-01
   2.0241939e+01  -7.6791174e+01   4.1741865e+01  -7.2687342e+01   7.2281571e+01  -6.4447753e+01   1.0255885e+02  -5.2973779e+01   1.1191213e+02  -4.9648109e+01   1.0244136e-01
   2.0241939e+01  -7.6791174e+01   4.1744829e+01  -7.2885144e+01   7.2363630e+01  -6.4542724e+01   1.0276204e+02  -5.3270500e+01   1.1210627e+02  -5.0121441e+01   9.7554792e-02
   2.0241939e+01  -7.6791174e+01   4.1744829e+01  -7.2885144e+01   7.2484304e+01  -6.4846082e+01   1.0313331e+02  -5.3752428e+01   1.1231785e+02  -5.0615507e+01   9.4056734e-02
   2.0241939e+01  -7.6791174e+01   4.1744829e+01  -7.2885144e+01   7.2490850e+01  -6.5143598e+01   1.0318563e+02  -5.4356390e+01   1.1255203e+02  -5.1226031e+01   9.1081362e-02
   2.0241939e+01  -7.6791174e+01   4.1745630e+01  -7.2981868e+01   7.2572621e+01  -6.5237542e+01   1.0339235e+02  -5.4752165e+01   1.1258044e+02  -5.1538446e+01   8.8430188e-02
   2.0241939e+01  -7.6791174e+01   4.1747794e+01  -7.3082972e+01   7.2577656e+01  -6.5436348e+01   1.0340258e+02  -5.5046979e+01   1.1277231e+02  -5.1915980e+01   8.5768213e-02
   2.0211016e+01  -7.6671726e+01   4.1745630e+01  -7.2981868e+01   7.2655611e+01  -6.5429023e+01   1.0360941e+02  -5.5442979e+01   1.1280448e+02  -5.2325126e+01   8.1734781e-02
   2.0242725e+01  -7.6890348e+01   4.1747794e+01  -7.3082972e+01   7.2780191e+01  -6.5834341e+01   1.0364736e+02  -5.5651629e+01   1.1281951e+02  -5.2717981e+01   7.9569089e-02
   2.0241939e+01  -7.6791174e+01   4.1748599e+01  -7.3179699e+01   7.2785240e+01  -6.6033225e+01   1.0366476e+02  -5.6144111e+01   1.1303131e+02  -5.3212034e+01   7.9478173e-02
   2.0241939e+01  -7.6791174e+01   4.1750758e+01  -7.3280826e+01   7.2982781e+01  -6.6232449e+01   1.0384439e+02  -5.6628898e+01   1.1324290e+02  -5.3705991e+01   7.7498487e-02
   2.0241939e+01  -7.6791174e+01   4.1750758e+01  -7.3280826e+01   7.2911715e+01  -6.6538447e+01   1.0404794e+02  -5.6926367e+01   1.1343605e+02  -5.4087545e+01   7.5171510e-02
   2.0241939e+01  -7.6791174e+01   4.1750758e+01  -7.3280826e+01   7.2989334e+01  -6.6529411e+01   1.0388832e+02  -5.7030245e+01   1.1327873e+02  -5.4208421e+01   7.1235343e-02
   2.0241939e+01  -7.6791174e+01   4.1750758e+01  -7.3280826e+01   7.2873011e+01  -6.6422207e+01   1.0391809e+02  -5.7037778e+01   1.1347829e+02  -5.4404222e+01   6.7072547e-02
   2.0242725e+01  -7.6890348e+01   4.1753723e+01  -7.3478706e+01   7.2999463e+01  -6.6927381e+01   1.0413565e+02  -5.7729592e+01   1.1369113e+02  -5.5281689e+01   6.6005069e-02
   2.0242725e+01  -7.6890348e+01   4.1819528e+01  -7.3596226e+01   7.3003032e+01  -6.7028350e+01   1.0431278e+02  -5.8119023e+01   1.1371052e+02  -5.5393681e+01   6.7099444e-02
   2.0241939e+01  -7.6791174e+01   4.1753723e+01  -7.3478706e+01   7.3006539e+01  -6.7128984e+01   1.0431986e+02  -5.8317133e+01   1.1390171e+02  -5.5778589e+01   6.5774018e-02
   2.0241939e+01  -7.6791174e+01   4.1819528e+01  -7.3596226e+01   7.3013160e+01  -6.7426457e+01   1.0453035e+02  -5.8811823e+01   1.1410845e+02  -5.6459938e+01   6.1527999e-02
   2.0241939e+01  -7.6791174e+01   4.1821783e+01  -7.3697172e+01   7.3133412e+01  -6.7636260e+01   1.0454079e+02  -5.9108003e+01   1.1413035e+02  -5.6667265e+01   5.8815112e-02
   2.0241939e+01  -7.6791174e+01   4.1882058e+01  -7.3557353e+01   7.3215885e+01  -6.7824993e+01   1.0457737e+02  -5.9310336e+01   1.1415002e+02  -5.7159643e+01   5.7971864e-02
   2.0242725e+01  -7.6890348e+01   4.1947963e+01  -7.3674818e+01   7.3219388e+01  -6.7925688e+01   1.0476185e+02  -5.9899331e+01   1.1436202e+02  -5.7654984e+01   5.4935548e-02
   2.0241939e+01  -7.6791174e+01   4.1947963e+01  -7.3674818e+01   7.3418666e+01  -6.8223646e+01   1.0497963e+02  -6.0592115e+01   1.1458314e+02  -5.8347483e+01   5.1898091e-02
   2.0241939e+01  -7.6791174e+01   4.1885030e+01  -7.3754965e+01   7.3351736e+01  -6.8633993e+01   1.0499324e+02  -6.0987305e+01   1.1459664e+02  -5.8741817e+01   5.0579401e-02
   2.0241939e+01  -7.6791174e+01   4.1885030e+01  -7.3754965e+01   7.3430696e+01  -6.8623979e+01   1.0517119e+02  -6.1381876e+01   1.1480287e+02  -5.9137611e+01   4.7871402e-02
   2.0242725e+01  -7.6890348e+01   4.1950942e+01  -7.3872745e+01   7.3437438e+01  -6.8922084e+01   1.0521139e+02  -6.1680951e+01   1.1482860e+02  -5.9730968e+01   4.4452118e-02
   2.0241939e+01  -7.6791174e+01   4.1953921e+01  -7.4070699e+01   7.3445960e+01  -6.9221812e+01   1.0540410e+02  -6.2473045e+01   1.1505306e+02  -6.0523332e+01   4.1814616e-02
   2.0084624e+01  -7.6914354e+01   4.1953921e+01  -7.4070699e+01   7.3449217e+01  -6.9419214e+01   1.0544361e+02  -6.2770142e+01   1.1508309e+02  -6.0922167e+01   3.9985521e-02
   2.0241939e+01  -7.6791174e+01   4.1953921e+01  -7.4070699e+01   7.3454310e+01  -6.9618566e+01   1.0565438e+02  -6.3267028e+01   1.1528257e+02  -6.1415291e+01   3.6178151e-02
   2.0241939e+01  -7.6791174e+01   4.1956167e+01  -7.4171553e+01   7.3578730e+01  -6.9932716e+01   1.0566041e+02  -6.3464277e+01   1.1529543e+02  -6.1809548e+01   3.3318130e-02
   2.0242725e+01  -7.6890348e+01   4.1956900e+01  -7.4268678e+01   7.3778567e+01  -7.0231890e+01   1.0568274e+02  -6.4058485e+01   1.1533311e+02  -6.2404557e+01   3.0006184e-02
   2.0241939e+01  -7.6791174e+01   4.1959142e+01  -7.4369555e+01   7.3665835e+01  -7.0318008e+01   1.0570004e+02  -6.4553183e+01   1.1554226e+02  -6.2802245e+01   2.8792511e-02
   2.0242725e+01  -7.6890348e+01   4.2084961e+01  -7.4346161e+01   7.3788800e+01  -7.0631452e+01   1.0573858e+02  -6.4847201e+01   1.1556526e+02  -6.3394798e+01   2.7060945e-02
   2.0241939e+01  -7.6791174e+01   4.2084221e+01  -7.4249192e+01   7.3679466e+01  -7.0817532e+01   1.0592580e+02  -6.5446811e+01   1.1578220e+02  -6.3990423e+01   2.3542865e-02
   2.0241939e+01  -7.6791174e+01   4.2084961e+01  -7.4346161e+01   7.3759553e+01  -7.0903020e+01   1.0596004e+02  -6.5640557e+01   1.1579229e+02  -6.4286133e+01   2.0185166e-02
   2.0241939e+01  -7.6791174e+01   4.2087947e+01  -7.4543872e+01   7.3764658e+01  -7.1102263e+01   1.0614366e+02  -6.6142424e+01   1.1582175e+02  -6.4680190e+01   1.9344842e-02
   2.0273747e+01  -7.7010306e+01   4.2087947e+01  -7.4543872e+01   7.3885828e+01  -7.1414623e+01   1.0618566e+02  -6.6533559e+01   1.1584684e+02  -6.5273227e+01   1.3712923e-02
   2.0241939e+01  -7.6791174e+01   4.2154187e+01  -7.4662906e+01   7.3890950e+01  -7.1614235e+01   1.0620371e+02  -6.7028387e+01   1.1606371e+02  -6.5868826e+01   1.2465922e-02
   2.0241939e+01  -7.6791174e+01   4.2154187e+01  -7.4662906e+01   7.3896073e+01  -7.1813874e+01   1.0621443e+02  -6.7325000e+01   1.1607590e+02  -6.6165120e+01   8.1309047e-03
   2.0241939e+01  -7.6791174e+01   4.2090934e+01  -7.4741609e+01   7.3899551e+01  -7.1914876e+01   1.0622156e+02  -6.7523061e+01   1.1607833e+02  -6.6565524e+01   6.7198826e-03
   2.0241939e+01  -7.6791174e+01   4.2090934e+01  -7.4741609e+01   7.3902777e+01  -7.2111834e+01   1.0623206e+02  -6.7819447e+01   1.1610324e+02  -6.6856576e+01   3.6584419e-03
   2.0241939e+01  -7.6791174e+01   4.2090934e+01  -7.4741609e+01   7.3980999e+01  -7.2097249e+01   1.0643569e+02  -6.8117984e+01   1.1630484e+02  -6.7055456e+01   3.5756658e-03
   2.0241939e+01  -7.6791174e+01   4.2090934e+01  -7.4741609e+01   7.3907902e+01  -7.2311533e+01   1.0626888e+02  -6.8106212e+01   1.1612588e+02  -6.7142288e+01   6.2442874e-04
   2.0241939e+01  -7.6791174e+01   4.2090934e+01  -7.4741609e+01   7.3909424e+01  -7.2409469e+01   1.0627408e+02  -6.8300190e+01   1.1631917e+02  -6.7447862e+01  -1.5570758e-03
   2.0241939e+01  -7.6791174e+01   4.2090934e+01  -7.4741609e+01   7.3909424e+01  -7.2409469e+01   1.0627872e+02  -6.8401249e+01   1.1613648e+02  -6.7436444e+01  -2.3238165e-03
   2.0241939e+01  -7.6791174e+01   4.2091786e+01  -7.4838201e+01   7.3909424e+01  -7.2409469e+01   1.0645101e+02  -6.8608151e+01   1.1632206e+02  -6.7544680e+01  -6.6148590e-04
   2.0211016e+01  -7.6671726e+01   4.2158033e+01  -7.4957707e+01   7.3909424e+01  -7.2409469e+01   1.0628121e+02  -6.8498083e+01   1.1632206e+02  -6.7544680e+01  -1.8738337e-03
   2.0241939e+01  -7.6791174e+01   4.2216474e+01  -7.4717270e+01   7.3910883e+01  -7.2507033e+01   1.0628121e+02  -6.8498083e+01   1.1614132e+02  -6.7537310e+01   1.3150725e-04
   2.0241939e+01  -7.6791174e+01   4.2158033e+01  -7.4957707e+01   7.3910883e+01  -7.2507033e+01   1.0645101e+02  -6.8608151e+01   1.1614420e+02  -6.7633981e+01   2.7650166e-04
   2.0241939e+01  -7.6791174e+01   4.2158033e+01  -7.4957707e+01   7.3985563e+01  -7.2390568e+01   1.0647429e+02  -6.8500531e+01   1.1632980e+02  -6.7742535e+01  -1.6196875e-03
   2.0241939e+01  -7.6791174e+01   4.2091786e+01  -7.4838201e+01   7.3910883e+01  -7.2507033e+01   1.0645328e+02  -6.8704806e+01   1.1632980e+02  -6.7742535e+01   1.1026880e-03
   2.0241939e+01  -7.6791174e+01   4.2093921e+01  -7.4939373e+01   7.3985563e+01  -7.2390568e+01   1.0630699e+02  -6.8487142e+01   1.1632980e+02  -6.7742535e+01   2.7572396e-04
   2.0241939e+01  -7.6791174e+01   4.2158033e+01  -7.4957707e+01   7.3985563e+01  -7.2390568e+01   1.0628348e+02  -6.8594579e+01   1.1632980e+02  -6.7742535e+01  -8.5222653e-04
   2.0242725e+01  -7.6890348e+01   4.2093921e+01  -7.4939373e+01   7.3910883e+01  -7.2507033e+01   1.0645566e+02  -6.8709382e+01   1.1614420e+02  -6.7633981e+01  -7.7586245e-04
   2.0242725e+01  -7.6890348e+01   4.2091786e+01  -7.4838201e+01   7.3910883e+01  -7.2507033e+01   1.0645328e+02  -6.8704806e+01   1.1614745e+02  -6.7427738e+01   2.8975916e-04
   2.0241939e+01  -7.6791174e+01   4.2282814e+01  -7.4836403e+01   7.3910883e+01  -7.2507033e+01   1.0645328e+02  -6.8704806e+01   1.1632980e+02  -6.7742535e+01  -4.0999801e-04
   2.0241939e+01  -7.6791174e+01   4.2091786e+01  -7.4838201e+01   7.3985563e+01  -7.2390568e+01   1.0630699e+02  -6.8487142e+01   1.1614682e+02  -6.7730322e+01  -2.2173286e-04
   2.0211016e+01  -7.6671726e+01   4.2160174e+01  -7.5059037e+01   7.3985563e+01  -7.2390568e+01   1.0644818e+02  -6.8602888e+01   1.1632469e+02  -6.7641167e+01  -7.1374784e-04
   2.0241939e+01  -7.6791174e+01   4.2091786e+01  -7.4838201e+01   7.3981826e+01  -7.2288201e+01   1.0627306e+02  -6.8390733e+01   1.1612984e+02  -6.7424690e+01   1.3797372e-04
   2.0241939e+01  -7.6791174e+01   4.2091786e+01  -7.4838201e+01   7.3907147e+01  -7.2404503e+01   1.0626750e+02  -6.8288311e+01   1.1612211e+02  -6.7227185e+01   1.7159004e-03
   2.0272957e+01  -7.6910981e+01   4.2091786e+01  -7.4838201e+01   7.3978023e+01  -7.2185479e+01   1.0626172e+02  -6.8185560e+01   1.1610940e+02  -6.7021836e+01   2.5123554e-03
   2.0241939e+01  -7.6791174e+01   4.2089744e+01  -7.4736665e+01   7.3894342e+01  -7.1998717e+01   1.0624232e+02  -6.7781272e+01   1.1608784e+02  -6.6617794e+01   6.6530925e-03
   2.0241939e+01  -7.6791174e+01   4.2089744e+01  -7.4736665e+01   7.3965078e+01  -7.1779662e+01   1.0622154e+02  -6.7282077e+01   1.1588019e+02  -6.6013541e+01   8.0941471e-03
   2.0272957e+01  -7.6910981e+01   4.2086748e+01  -7.4538949e+01   7.3767411e+01  -7.1579996e+01   1.0603171e+02  -6.6861905e+01   1.1584888e+02  -6.5504062e+01   1.3375049e-02
   2.0241939e+01  -7.6791174e+01   4.2086748e+01  -7.4538949e+01   7.3758290e+01  -7.1277027e+01   1.0601742e+02  -6.6374406e+01   1.1564025e+02  -6.5107356e+01   1.7197095e-02
   2.0242725e+01  -7.6890348e+01   4.2086748e+01  -7.4538949e+01   7.3757163e+01  -7.1181510e+01   1.0581035e+02  -6.5884325e+01   1.1561709e+02  -6.4516878e+01   2.3063479e-02
   2.0241939e+01  -7.6791174e+01   4.2083752e+01  -7.4341260e+01   7.3750852e+01  -7.0886422e+01   1.0578898e+02  -6.5292770e+01   1.1540128e+02  -6.3831322e+01   3.2771833e-02
   2.0241939e+01  -7.6791174e+01   4.2083752e+01  -7.4341260e+01   7.3737790e+01  -7.0480356e+01   1.0559956e+02  -6.4597983e+01   1.1520446e+02  -6.3042480e+01   3.4124434e-02
   2.0272957e+01  -7.6910981e+01   4.2083752e+01  -7.4341260e+01   7.3736670e+01  -7.0384846e+01   1.0558555e+02  -6.4297573e+01   1.1517945e+02  -6.2747750e+01   3.8067302e-02
   2.0241939e+01  -7.6791174e+01   4.1958677e+01  -7.4461779e+01   7.3614147e+01  -7.0072810e+01   1.0554690e+02  -6.4004258e+01   1.1515440e+02  -6.2452198e+01   4.2213505e-02
   2.0241939e+01  -7.6791174e+01   4.2080757e+01  -7.4143597e+01   7.3603927e+01  -6.9675325e+01   1.0533969e+02  -6.3421422e+01   1.1494076e+02  -6.1567838e+01   4.7506749e-02
   2.0241939e+01  -7.6791174e+01   4.1955688e+01  -7.4263795e+01   7.3523782e+01  -6.9588227e+01   1.0531192e+02  -6.2820654e+01   1.1490005e+02  -6.0878066e+01   5.0599125e-02
   2.0241939e+01  -7.6791174e+01   4.1953732e+01  -7.4161809e+01   7.3514673e+01  -6.9285752e+01   1.0510544e+02  -6.2424868e+01   1.1469412e+02  -6.0285242e+01   5.1185914e-02
   2.0241939e+01  -7.6791174e+01   4.1952699e+01  -7.4065837e+01   7.3397638e+01  -6.9174267e+01   1.0509124e+02  -6.2124252e+01   1.1468646e+02  -6.0089318e+01   5.4864301e-02
   2.0241939e+01  -7.6791174e+01   4.1952699e+01  -7.4065837e+01   7.3387442e+01  -6.8777035e+01   1.0507711e+02  -6.1638027e+01   1.1447920e+02  -5.9602637e+01   5.8914172e-02
   2.0211016e+01  -7.6671726e+01   4.1949711e+01  -7.3867906e+01   7.3305909e+01  -6.8593139e+01   1.0487019e+02  -6.1055981e+01   1.1425649e+02  -5.8724274e+01   6.5808772e-02
   2.0242725e+01  -7.6890348e+01   4.1949711e+01  -7.3867906e+01   7.3296818e+01  -6.8290910e+01   1.0467604e+02  -6.0359743e+01   1.1422576e+02  -5.8034030e+01   6.7110573e-02
   2.0241939e+01  -7.6791174e+01   4.1883803e+01  -7.3750127e+01   7.3291722e+01  -6.8092090e+01   1.0446307e+02  -5.9861880e+01   1.1401015e+02  -5.7536911e+01   7.0359934e-02
   2.0053894e+01  -7.6794536e+01   4.1880822e+01  -7.3552537e+01   7.3286627e+01  -6.7893296e+01   1.0445603e+02  -5.9665780e+01   1.1400253e+02  -5.7341353e+01   7.2242580e-02
   2.0241939e+01  -7.6791174e+01   4.1880822e+01  -7.3552537e+01   7.3164900e+01  -6.7585602e+01   1.0444888e+02  -5.9284021e+01   1.1397649e+02  -5.6946454e+01   7.7063522e-02
   2.0241939e+01  -7.6791174e+01   4.1946723e+01  -7.3670001e+01   7.3083095e+01  -6.7399970e+01   1.0423608e+02  -5.8693903e+01   1.1376145e+02  -5.6171103e+01   7.9460848e-02
   2.0241939e+01  -7.6791174e+01   4.1944754e+01  -7.3568091e+01   7.3074019e+01  -6.7098035e+01   1.0402338e+02  -5.8104055e+01   1.1353030e+02  -5.5468358e+01   8.1255985e-02
   2.0272957e+01  -7.6910981e+01   4.1877841e+01  -7.3354972e+01   7.3068938e+01  -6.6899370e+01   1.0400249e+02  -5.7609436e+01   1.1333505e+02  -5.4989351e+01   8.2884069e-02
   2.0241939e+01  -7.6791174e+01   4.1877841e+01  -7.3354972e+01   7.3068938e+01  -6.6899370e+01   1.0399548e+02  -5.7413621e+01   1.1332747e+02  -5.4794134e+01   8.9540944e-02
   2.0272957e+01  -7.6910981e+01   4.1877841e+01  -7.3354972e+01   7.2942524e+01  -6.6395108e+01   1.0359826e+02  -5.6925166e+01   1.1311334e+02  -5.4114062e+01   9.2432846e-02
   2.0242725e+01  -7.6890348e+01   4.1876926e+01  -7.3258778e+01   7.2860446e+01  -6.6207742e+01   1.0372151e+02  -5.6619538e+01   1.1308598e+02  -5.3621881e+01   9.6914066e-02
   2.0242725e+01  -7.6890348e+01   4.1874860e+01  -7.3157434e+01   7.2739462e+01  -6.5902965e+01   1.0353578e+02  -5.5941039e+01   1.1287116e+02  -5.3033581e+01   9.6925350e-02
   2.0241939e+01  -7.6791174e+01   4.1874860e+01  -7.3157434e+01   7.2730422e+01  -6.5601859e+01   1.0315269e+02  -5.5346319e+01   1.1246112e+02  -5.2341438e+01   9.9651099e-02
   2.0272957e+01  -7.6910981e+01   4.1749508e+01  -7.3276049e+01   7.2726375e+01  -6.5498651e+01   1.0297550e+02  -5.4867669e+01   1.1244606e+02  -5.1951775e+01   1.0155176e-01
   2.0241939e+01  -7.6791174e+01   4.1871880e+01  -7.2959921e+01   7.2605811e+01  -6.5195593e+01   1.0313181e+02  -5.4759905e+01   1.1224767e+02  -5.1662834e+01   1.0590873e-01
   2.0242725e+01  -7.6890348e+01   4.1871880e+01  -7.2959921e+01   7.2522411e+01  -6.4911834e+01   1.0289149e+02  -5.4070876e+01   1.1221222e+02  -5.0973132e+01   1.0755907e-01
   2.0241939e+01  -7.6791174e+01   4.1743561e+01  -7.2880410e+01   7.2436851e+01  -6.4714806e+01   1.0270076e+02  -5.3296194e+01   1.1180507e+02  -5.0008966e+01   1.1300371e-01
   2.0272957e+01  -7.6910981e+01   4.1743561e+01  -7.2880410e+01   7.2427770e+01  -6.4413217e+01   1.0232625e+02  -5.2809402e+01   1.1158123e+02  -4.9504593e+01   1.1567056e-01
   2.0241939e+01  -7.6791174e+01   4.1743561e+01  -7.2880410e+01   7.2307540e+01  -6.4111579e+01   1.0231193e+02  -5.2511698e+01   1.1138855e+02  -4.9128810e+01   1.1322732e-01
   2.0241939e+01  -7.6791174e+01   4.1741586e+01  -7.2778598e+01   7.2302511e+01  -6.3913617e+01   1.0226964e+02  -5.2111551e+01   1.1118493e+02  -4.8555777e+01   1.1937438e-01
   2.0241939e+01  -7.6791174e+01   4.1675020e+01  -7.2566732e+01   7.2104798e+01  -6.3620449e+01   1.0203574e+02  -5.1522474e+01   1.1095743e+02  -4.7862160e+01   1.2783996e-01
   2.0241939e+01  -7.6791174e+01   4.1740587e+01  -7.2682630e+01   7.2094771e+01  -6.3224656e+01   1.0181698e+02  -5.0832752e+01   1.1072056e+02  -4.7156578e+01   1.2889641e-01
   2.0241939e+01  -7.6791174e+01   4.1737614e+01  -7.2484876e+01   7.2012618e+01  -6.3128110e+01   1.0163499e+02  -5.0259557e+01   1.1033958e+02  -4.6414990e+01   1.3023741e-01
   2.0241939e+01  -7.6791174e+01   4.1672053e+01  -7.2369293e+01   7.1894087e+01  -6.2923624e+01   1.0143723e+02  -5.0063091e+01   1.1031571e+02  -4.6293055e+01   1.3157925e-01
   2.0241939e+01  -7.6791174e+01   4.1672053e+01  -7.2369293e+01   7.1815660e+01  -6.2929694e+01   1.0140021e+02  -4.9853717e+01   1.1029321e+02  -4.5986432e+01   1.3903635e-01
   2.0241939e+01  -7.6791174e+01   4.1671164e+01  -7.2273106e+01   7.1809628e+01  -6.2636161e+01   1.0120073e+02  -4.9283522e+01   1.1007057e+02  -4.5388434e+01   1.4495981e-01
   2.0241939e+01  -7.6791174e+01   4.1669087e+01  -7.2171879e+01   7.1685478e+01  -6.2139831e+01   1.0098370e+02  -4.8782459e+01   1.0984957e+02  -4.4701732e+01   1.4395607e-01
   2.0241939e+01  -7.6791174e+01   4.1669087e+01  -7.2171879e+01   7.1676533e+01  -6.1839648e+01   1.0060582e+02  -4.8110074e+01   1.0946333e+02  -4.3959296e+01   1.4653287e-01
   2.0211016e+01  -7.6671726e+01   4.1667104e+01  -7.2070302e+01   7.1480959e+01  -6.1736640e+01   1.0043293e+02  -4.7737146e+01   1.0925674e+02  -4.3661855e+01   1.4805303e-01
   2.0241939e+01  -7.6791174e+01   4.1667104e+01  -7.2070302e+01   7.1475984e+01  -6.1538985e+01   1.0023614e+02  -4.7449246e+01   1.0905130e+02  -4.3272864e+01   1.5385030e-01
   2.0241939e+01  -7.6791174e+01   4.1666121e+01  -7.1974491e+01   7.1390980e+01  -6.1249533e+01   1.0015181e+02  -4.6828255e+01   1.0883020e+02  -4.2582173e+01   1.6143437e-01
   2.0241939e+01  -7.6791174e+01   4.1666121e+01  -7.1974491e+01   7.1272538e+01  -6.0953360e+01   9.9940657e+01  -4.6242885e+01   1.0859063e+02  -4.1963175e+01   1.6272850e-01
   2.0241939e+01  -7.6791174e+01   4.1663156e+01  -7.1777130e+01   7.1263633e+01  -6.0653467e+01   9.9729649e+01  -4.5750733e+01   1.0820537e+02  -4.1405694e+01   1.6574143e-01
   2.0241939e+01  -7.6791174e+01   4.1537535e+01  -7.1893524e+01   7.1146551e+01  -6.0453551e+01   9.9557947e+01  -4.5474194e+01   1.0818997e+02  -4.1110499e+01   1.6538130e-01
   2.0241939e+01  -7.6791174e+01   4.1537535e+01  -7.1893524e+01   7.1063207e+01  -6.0353124e+01   9.9354085e+01  -4.5084517e+01   1.0780676e+02  -4.0463590e+01   1.7435928e-01
   2.0272957e+01  -7.6910981e+01   4.1470315e+01  -7.1677347e+01   7.0973713e+01  -5.9959578e+01   9.9110454e+01  -4.4385570e+01   1.0755514e+02  -3.9822430e+01   1.7928018e-01
   2.0272957e+01  -7.6910981e+01   4.1469342e+01  -7.1581536e+01   7.0968770e+01  -5.9761839e+01   9.8906298e+01  -4.4088317e+01   1.0737052e+02  -3.9372030e+01   1.8093325e-01
   2.0241939e+01  -7.6791174e+01   4.1469342e+01  -7.1581536e+01   7.0776041e+01  -5.9666266e+01   9.8702498e+01  -4.3605771e+01   1.0714478e+02  -3.8952104e+01   1.8465358e-01
   2.0211016e+01  -7.6671726e+01   4.1467358e+01  -7.1480031e+01   7.0768126e+01  -5.9461280e+01   9.8498477e+01  -4.3308770e+01   1.0693126e+02  -3.8554823e+01   1.8707325e-01
   2.0242725e+01  -7.6890348e+01   4.1466390e+01  -7.1384221e+01   7.0690862e+01  -5.9468552e+01   9.8632540e+01  -4.3368928e+01   1.0709456e+02  -3.8506534e+01   1.9283434e-01
   2.0241939e+01  -7.6791174e+01   4.1533706e+01  -7.1599533e+01   7.0693555e+01  -5.9473999e+01   9.8764288e+01  -4.3519282e+01   1.0725417e+02  -3.8640969e+01   1.9525636e-01
   2.0241939e+01  -7.6791174e+01   4.1533706e+01  -7.1599533e+01   7.0807638e+01  -5.9476873e+01   9.8857129e+01  -4.3639699e+01   1.0739189e+02  -3.8837537e+01   2.0002322e-01
   2.0242725e+01  -7.6890348e+01   4.1468474e+01  -7.1485356e+01   7.0812564e+01  -5.9675231e+01   9.8899709e+01  -4.3769102e+01   1.0757227e+02  -3.9098930e+01   1.9538543e-01
   2.0241939e+01  -7.6791174e+01   4.1409863e+01  -7.1816933e+01   7.0816151e+01  -5.9775768e+01   9.9227380e+01  -4.4206888e+01   1.0778379e+02  -3.9591634e+01   1.8845368e-01
   2.0241939e+01  -7.6791174e+01   4.1535891e+01  -7.1700477e+01   7.0821074e+01  -5.9974168e+01   9.9274689e+01  -4.4529699e+01   1.0799168e+02  -3.9985517e+01   1.8239008e-01
   2.0241939e+01  -7.6791174e+01   4.1535891e+01  -7.1700477e+01   7.1021913e+01  -6.0273064e+01   9.9644040e+01  -4.5095951e+01   1.0838015e+02  -4.0642710e+01   1.7783666e-01
   2.0241939e+01  -7.6791174e+01   4.1538172e+01  -7.1801072e+01   7.1031783e+01  -6.0670022e+01   9.9897128e+01  -4.5812318e+01   1.0862239e+02  -4.1365446e+01   1.6811098e-01
   2.0241939e+01  -7.6791174e+01   4.1538841e+01  -7.1898153e+01   7.1229142e+01  -6.0868754e+01   9.9939879e+01  -4.6033738e+01   1.0882740e+02  -4.1661255e+01   1.6374388e-01
   2.0241939e+01  -7.6791174e+01   4.1538841e+01  -7.1898153e+01   7.1230559e+01  -6.0966972e+01   1.0011031e+02  -4.6403879e+01   1.0886090e+02  -4.1987873e+01   1.5580966e-01
   2.0241939e+01  -7.6791174e+01   4.1539615e+01  -7.1994865e+01   7.1235509e+01  -6.1165527e+01   1.0035222e+02  -4.6822487e+01   1.0909498e+02  -4.2509719e+01   1.4797965e-01
   2.0241939e+01  -7.6791174e+01   4.1539615e+01  -7.1994865e+01   7.1434300e+01  -6.1462260e+01   1.0040089e+02  -4.7238226e+01   1.0931008e+02  -4.3099404e+01   1.4590754e-01
   2.0272957e+01  -7.6910981e+01   4.1667423e+01  -7.1979139e+01   7.1521103e+01  -6.1662127e+01   1.0077522e+02  -4.7907288e+01   1.0970056e+02  -4.3761376e+01   1.4367877e-01
   2.0241939e+01  -7.6791174e+01   4.1667423e+01  -7.1979139e+01   7.1638872e+01  -6.1862193e+01   1.0078526e+02  -4.8201710e+01   1.0990884e+02  -4.4156050e+01   1.4158979e-01
   2.0241939e+01  -7.6791174e+01   4.1669699e+01  -7.2079619e+01   7.1643847e+01  -6.2060867e+01   1.0114997e+02  -4.8577705e+01   1.1009870e+02  -4.4621560e+01   1.3512301e-01
   2.0241939e+01  -7.6791174e+01   4.1670379e+01  -7.2176548e+01   7.1653799e+01  -6.2458293e+01   1.0120145e+02  -4.9091157e+01   1.1033608e+02  -4.5241014e+01   1.2837918e-01
   2.0242725e+01  -7.6890348e+01   4.1670379e+01  -7.2176548e+01   7.1851322e+01  -6.2657290e+01   1.0157778e+02  -4.9763278e+01   1.1056835e+02  -4.5760805e+01   1.2444295e-01
   2.0241939e+01  -7.6791174e+01   4.1672651e+01  -7.2277050e+01   7.1856312e+01  -6.2856068e+01   1.0162187e+02  -5.0078420e+01   1.1076336e+02  -4.6326605e+01   1.2289756e-01
   2.0242725e+01  -7.6890348e+01   4.1738901e+01  -7.2489567e+01   7.1940416e+01  -6.3051548e+01   1.0186191e+02  -5.0492157e+01   1.1081969e+02  -4.6768212e+01   1.1687981e-01
   2.0241939e+01  -7.6791174e+01   4.1738901e+01  -7.2489567e+01   7.2063883e+01  -6.3452815e+01   1.0220593e+02  -5.1149384e+01   1.1121104e+02  -4.7436860e+01   1.1292244e-01
   2.0211016e+01  -7.6671726e+01   4.1738901e+01  -7.2489567e+01   7.2068887e+01  -6.3651697e+01   1.0208903e+02  -5.1478445e+01   1.1142421e+02  -4.7930488e+01   1.0878732e-01
   2.0241939e+01  -7.6791174e+01   4.1741865e+01  -7.2687342e+01   7.2147712e+01  -6.3647456e+01   1.0229232e+02  -5.1775206e+01   1.1145113e+02  -4.8149667e+01   1.0623211e-01
   2.0242725e+01  -7.6890348e+01   4.1741865e+01  -7.2687342e+01   7.2157727e+01  -6.4044680e+01   1.0253451e+02  -5.2283935e+01   1.1149262e+02  -4.8760334e+01   1.0278436e-01
   2.0241939e+01  -7.6791174e+01   4.1741865e+01  -7.2687342e+01   7.2281571e+01  -6.4447753e+01   1.0274470e+02  -5.2778166e+01   1.1190141e+02  -4.9353235e+01   1.0142280e-01
   2.0242725e+01  -7.6890348e+01   4.1741865e+01  -7.2687342e+01   7.2283071e+01  -6.4546171e+01   1.0258779e+02  -5.2889757e+01   1.1191633e+02  -4.9745869e+01   9.7821149e-02
   2.0272957e+01  -7.6910981e+01   4.1744829e+01  -7.2885144e+01   7.2482735e+01  -6.4747313e+01   1.0293334e+02  -5.3553478e+01   1.1210926e+02  -5.0219917e+01   9.4851130e-02
   2.0241939e+01  -7.6791174e+01   4.1744829e+01  -7.2885144e+01   7.2566071e+01  -6.4940475e+01   1.0315047e+02  -5.4245531e+01   1.1252652e+02  -5.1011236e+01   9.1528433e-02
   2.0241939e+01  -7.6791174e+01   4.1744829e+01  -7.2885144e+01   7.2571103e+01  -6.5139245e+01   1.0319543e+02  -5.4652259e+01   1.1255770e+02  -5.1422504e+01   8.8823875e-02
   2.0242725e+01  -7.6890348e+01   4.1747794e+01  -7.3082972e+01   7.2692136e+01  -6.5443644e+01   1.0340279e+02  -5.5048085e+01   1.1277552e+02  -5.2014630e+01   8.4466619e-02
   2.0242725e+01  -7.6890348e+01   4.1747794e+01  -7.3082972e+01   7.2777068e+01  -6.5637348e+01   1.0341886e+02  -5.5540229e+01   1.1298675e+02  -5.2605531e+01   7.8881007e-02
   2.0242725e+01  -7.6890348e+01   4.1750758e+01  -7.3280826e+01   7.2787157e+01  -6.6035097e+01   1.0380262e+02  -5.6323109e+01   1.1321339e+02  -5.3396121e+01   7.7370229e-02
   2.0241939e+01  -7.6791174e+01   4.1750052e+01  -7.3183718e+01   7.2868390e+01  -6.6127616e+01   1.0384065e+02  -5.6530376e+01   1.1340989e+02  -5.3876485e+01   7.5005629e-02
   2.0272957e+01  -7.6910981e+01   4.1816556e+01  -7.3398030e+01   7.2989748e+01  -6.6433264e+01   1.0388461e+02  -5.6933600e+01   1.1344212e+02  -5.4284707e+01   7.2256778e-02
   2.0241939e+01  -7.6791174e+01   4.1750758e+01  -7.3280826e+01   7.2999865e+01  -6.6831221e+01   1.0424222e+02  -5.7809116e+01   1.1366609e+02  -5.5075081e+01   6.6393934e-02
   2.0241939e+01  -7.6791174e+01   4.1879086e+01  -7.3359766e+01   7.3001477e+01  -6.6929955e+01   1.0428269e+02  -5.8112861e+01   1.1387503e+02  -5.5471653e+01   6.6586918e-02
   2.0241939e+01  -7.6791174e+01   4.1819528e+01  -7.3596226e+01   7.3009983e+01  -6.7229282e+01   1.0448986e+02  -5.8509785e+01   1.1391188e+02  -5.6073512e+01   6.3584272e-02
   2.0241939e+01  -7.6791174e+01   4.1947244e+01  -7.3577704e+01   7.3131783e+01  -6.7537322e+01   1.0453697e+02  -5.9009394e+01   1.1411441e+02  -5.6657229e+01   6.0116623e-02
   2.0241939e+01  -7.6791174e+01   4.1755973e+01  -7.3579497e+01   7.3214313e+01  -6.7726555e+01   1.0471500e+02  -5.9400757e+01   1.1414553e+02  -5.7061267e+01   5.5713258e-02
   2.0241939e+01  -7.6791174e+01   4.1822500e+01  -7.3794448e+01   7.3219388e+01  -6.7925688e+01   1.0475481e+02  -5.9701978e+01   1.1433876e+02  -5.7449004e+01   5.4586409e-02
   2.0241939e+01  -7.6791174e+01   4.1882058e+01  -7.3557353e+01   7.3224464e+01  -6.8124847e+01   1.0477252e+02  -6.0195127e+01   1.1437414e+02  -5.7950563e+01   5.0440204e-02
   2.0241939e+01  -7.6791174e+01   4.1950942e+01  -7.3872745e+01   7.3423757e+01  -6.8422843e+01   1.0498668e+02  -6.0789592e+01   1.1459076e+02  -5.8544704e+01   4.7254461e-02
   2.0241939e+01  -7.6791174e+01   4.1950942e+01  -7.3872745e+01   7.3430696e+01  -6.8623979e+01   1.0500028e+02  -6.1184820e+01   1.1479547e+02  -5.9231553e+01   4.6627691e-02
   2.0241939e+01  -7.6791174e+01   4.1950942e+01  -7.3872745e+01   7.3435784e+01  -6.8823231e+01   1.0520748e+02  -6.1582087e+01   1.1482097e+02  -5.9533607e+01   4.3444494e-02
   2.0241939e+01  -7.6791174e+01   4.1953192e+01  -7.3973577e+01   7.3558329e+01  -6.9134056e+01   1.0539096e+02  -6.2173908e+01   1.1502092e+02  -6.0218400e+01   4.2187544e-02
   2.0211016e+01  -7.6671726e+01   4.1953921e+01  -7.4070699e+01   7.3451048e+01  -6.9421142e+01   1.0540702e+02  -6.2571626e+01   1.1505777e+02  -6.0719311e+01   3.9334022e-02
   2.0241939e+01  -7.6791174e+01   4.1953921e+01  -7.4070699e+01   7.3456137e+01  -6.9620498e+01   1.0545302e+02  -6.3066448e+01   1.1527247e+02  -6.1216745e+01   3.7105230e-02
   2.0084624e+01  -7.6914354e+01   4.1956167e+01  -7.4171553e+01   7.3578730e+01  -6.9932716e+01   1.0547424e+02  -6.3659867e+01   1.1530717e+02  -6.1810790e+01   3.3873427e-02
   2.0272957e+01  -7.6910981e+01   4.1956900e+01  -7.4268678e+01   7.3664156e+01  -7.0219073e+01   1.0568586e+02  -6.4157293e+01   1.1552939e+02  -6.2505368e+01   2.8293240e-02
   2.0242725e+01  -7.6890348e+01   4.2025280e+01  -7.4488488e+01   7.3787110e+01  -7.0532337e+01   1.0570292e+02  -6.4651677e+01   1.1554687e+02  -6.2998007e+01   2.5948500e-02
   2.0241939e+01  -7.6791174e+01   4.1959142e+01  -7.4369555e+01   7.3792225e+01  -7.0732146e+01   1.0591046e+02  -6.5049978e+01   1.1575483e+02  -6.3692805e+01   2.5888993e-02
   2.0241939e+01  -7.6791174e+01   4.1959880e+01  -7.4466684e+01   7.3756135e+01  -7.0802606e+01   1.0609849e+02  -6.5651220e+01   1.1578719e+02  -6.4089688e+01   1.9239243e-02
   2.0241939e+01  -7.6791174e+01   4.1959880e+01  -7.4466684e+01   7.3879072e+01  -7.1116415e+01   1.0613655e+02  -6.5944255e+01   1.1580729e+02  -6.4584052e+01   1.7264672e-02
   2.0241939e+01  -7.6791174e+01   4.2087202e+01  -7.4446900e+01   7.3880707e+01  -7.1215036e+01   1.0615151e+02  -6.6340738e+01   1.1583593e+02  -6.4976809e+01   1.4995484e-02
   2.0241939e+01  -7.6791174e+01   4.2154187e+01  -7.4662906e+01   7.3885828e+01  -7.1414623e+01   1.0616223e+02  -6.6637661e+01   1.1602889e+02  -6.5279006e+01   1.0640446e-02
   2.0241939e+01  -7.6791174e+01   4.2090184e+01  -7.4644634e+01   7.3890950e+01  -7.1614235e+01   1.0620371e+02  -6.7028387e+01   1.1605522e+02  -6.5971689e+01   8.7328517e-03
   2.0241939e+01  -7.6791174e+01   4.2090184e+01  -7.4644634e+01   7.3896073e+01  -7.1813874e+01   1.0621443e+02  -6.7325000e+01   1.1606292e+02  -6.6169609e+01   6.7227223e-03
   2.0241939e+01  -7.6791174e+01   4.2090934e+01  -7.4741609e+01   7.3897652e+01  -7.1912160e+01   1.0622156e+02  -6.7523061e+01   1.1608360e+02  -6.6362773e+01   6.9776297e-03
   2.0241939e+01  -7.6791174e+01   4.2090934e+01  -7.4741609e+01   7.3902777e+01  -7.2111834e+01   1.0639802e+02  -6.7828256e+01   1.1609950e+02  -6.6756938e+01   4.1304806e-03
   2.0272957e+01  -7.6910981e+01   4.2090934e+01  -7.4741609e+01   7.3902777e+01  -7.2111834e+01   1.0623522e+02  -6.7917415e+01   1.1610319e+02  -6.6854699e+01   1.2217518e-03
   2.0241939e+01  -7.6791174e+01   4.2090934e+01  -7.4741609e+01   7.3904296e+01  -7.2209761e+01   1.0626446e+02  -6.8005512e+01   1.1611090e+02  -6.7052454e+01   2.3247530e-03
   2.0241939e+01  -7.6791174e+01   4.2090934e+01  -7.4741609e+01   7.3982583e+01  -7.2195390e+01   1.0629240e+02  -6.7999555e+01   1.1612588e+02  -6.7142288e+01  -2.5398710e-03
   2.0241939e+01  -7.6791174e+01   4.2091786e+01  -7.4838201e+01   7.4024033e+01  -7.2424207e+01   1.0644136e+02  -6.8312956e+01   1.1612876e+02  -6.7238932e+01  -1.0045537e-03
   2.0241939e+01  -7.6791174e+01   4.2158033e+01  -7.4957707e+01   7.3909424e+01  -7.2409469e+01   1.0644385e+02  -6.8409938e+01   1.1613360e+02  -6.7339787e+01  -1.2624190e-03
   2.0241939e+01  -7.6791174e+01   4.2158033e+01  -7.4957707e+01   7.4027710e+01  -7.2526520e+01   1.0627408e+02  -6.8300190e+01   1.1612876e+02  -6.7238932e+01  -2.7671565e-03
   2.0241939e+01  -7.6791174e+01   4.2091786e+01  -7.4838201e+01   7.3984104e+01  -7.2293164e+01   1.0627408e+02  -6.8300190e+01   1.1613360e+02  -6.7339787e+01  -2.1593457e-03
   2.0241939e+01  -7.6791174e+01   4.2091786e+01  -7.4838201e+01   7.4027710e+01  -7.2526520e+01   1.0627408e+02  -6.8300190e+01   1.1631695e+02  -6.7443325e+01  -3.1187151e-03
   2.0211016e+01  -7.6671726e+01   4.2158033e+01  -7.4957707e+01   7.4027710e+01  -7.2526520e+01   1.0627408e+02  -6.8300190e+01   1.1613648e+02  -6.7436444e+01  -1.2244801e-03
   2.0272957e+01  -7.6910981e+01   4.2091786e+01  -7.4838201e+01   7.3909424e+01  -7.2409469e+01   1.0628121e+02  -6.8498083e+01   1.1613648e+02  -6.7436444e+01  -9.1476627e-04
   2.0241939e+01  -7.6791174e+01   4.2091786e+01  -7.4838201e+01   7.3984104e+01  -7.2293164e+01   1.0627634e+02  -6.8396675e+01   1.1632206e+02  -6.7544680e+01  -1.3401063e-03
   2.0241939e+01  -7.6791174e+01   4.2158033e+01  -7.4957707e+01   7.3985563e+01  -7.2390568e+01   1.0644613e+02  -6.8506583e+01   1.1613648e+02  -6.7436444e+01  -3.2182983e-03
   2.0241939e+01  -7.6791174e+01   4.2091786e+01  -7.4838201e+01   7.3985563e+01  -7.2390568e+01   1.0645101e+02  -6.8608151e+01   1.1632206e+02  -6.7544680e+01  -3.7477274e-04
   2.0241939e+01  -7.6791174e+01   4.2158033e+01  -7.4957707e+01   7.3985563e+01  -7.2390568e+01   1.0645101e+02  -6.8608151e+01   1.1632469e+02  -6.7641167e+01  -8.6910876e-04
   2.0241939e+01  -7.6791174e+01   4.2091786e+01  -7.4838201e+01   7.3910883e+01  -7.2507033e+01   1.0628121e+02  -6.8498083e+01   1.1613909e+02  -6.7532773e+01  -1.3145833e-03
   2.0241939e+01  -7.6791174e+01   4.2091786e+01  -7.4838201e+01   7.3910883e+01  -7.2507033e+01   1.0644613e+02  -6.8506583e+01   1.1613648e+02  -6.7436444e+01  -7.3044809e-04
   2.0242725e+01  -7.6890348e+01   4.2091786e+01  -7.4838201e+01   7.3985563e+01  -7.2390568e+01   1.0628121e+02  -6.8498083e+01   1.1613648e+02  -6.7436444e+01  -3.0359977e-03
   2.0242725e+01  -7.6890348e+01   4.2158033e+01  -7.4957707e+01   7.3910883e+01  -7.2507033e+01   1.0627634e+02  -6.8396675e+01   1.1613648e+02  -6.7436444e+01  -2.9214184e-04
   2.0241939e+01  -7.6791174e+01   4.2091786e+01  -7.4838201e+01   7.3981826e+01  -7.2288201e+01   1.0627634e+02  -6.8396675e+01   1.1613137e+02  -6.7335249e+01  -1.7989975e-03
   2.0241939e+01  -7.6791174e+01   4.2091786e+01  -7.4838201e+01   7.3978023e+01  -7.2185479e+01   1.0626036e+02  -6.8090455e+01   1.1611437e+02  -6.7029703e+01   8.0416287e-04
   2.0241939e+01  -7.6791174e+01   4.2091786e+01  -7.4838201e+01   7.3899477e+01  -7.2198370e+01   1.0624856e+02  -6.7884660e+01   1.1590998e+02  -6.6614501e+01   9.9344964e-04
   2.0272957e+01  -7.6910981e+01   4.2089744e+01  -7.4736665e+01   7.3965078e+01  -7.1779662e+01   1.0622916e+02  -6.7573526e+01   1.1588022e+02  -6.6199470e+01   1.3620794e-03
   2.0242725e+01  -7.6890348e+01   4.2154031e+01  -7.4753954e+01   7.3843279e+01  -7.1560571e+01   1.0603885e+02  -6.7059248e+01   1.1585595e+02  -6.5793129e+01   4.9817541e-03
   2.0272957e+01  -7.6910981e+01   4.2086748e+01  -7.4538949e+01   7.3762286e+01  -7.1380740e+01   1.0602433e+02  -6.6478474e+01   1.1584155e+02  -6.5214692e+01   1.4367804e-02
   2.0272957e+01  -7.6910981e+01   4.2086748e+01  -7.4538949e+01   7.3757163e+01  -7.1181510e+01   1.0581058e+02  -6.5977540e+01   1.1562522e+02  -6.4621226e+01   1.9826539e-02
   2.0241939e+01  -7.6791174e+01   4.2084794e+01  -7.4437077e+01   7.3752039e+01  -7.0982305e+01   1.0579632e+02  -6.5583142e+01   1.1560164e+02  -6.4123348e+01   2.6279217e-02
   2.0241939e+01  -7.6791174e+01   4.2083752e+01  -7.4341260e+01   7.3742914e+01  -7.0679485e+01   1.0577495e+02  -6.4991729e+01   1.1539524e+02  -6.3339491e+01   3.0923465e-02
   2.0241939e+01  -7.6791174e+01   4.2083752e+01  -7.4341260e+01   7.3737790e+01  -7.0480356e+01   1.0573649e+02  -6.4698878e+01   1.1536232e+02  -6.2940536e+01   3.4891086e-02
   2.0241939e+01  -7.6791174e+01   4.2082813e+01  -7.4245059e+01   7.3618078e+01  -7.0175871e+01   1.0555381e+02  -6.4108046e+01   1.1515457e+02  -6.2359454e+01   3.9154614e-02
   2.0241939e+01  -7.6791174e+01   4.2080757e+01  -7.4143597e+01   7.3603927e+01  -6.9675325e+01   1.0534011e+02  -6.3514927e+01   1.1494076e+02  -6.1567838e+01   4.2131317e-02
   2.0241939e+01  -7.6791174e+01   4.2080757e+01  -7.4143597e+01   7.3528891e+01  -6.9787251e+01   1.0532592e+02  -6.3121152e+01   1.1491540e+02  -6.1270760e+01   4.9043622e-02
   2.0241939e+01  -7.6791174e+01   4.2080757e+01  -7.4143597e+01   7.3594816e+01  -6.9373289e+01   1.0530482e+02  -6.2623851e+01   1.1489191e+02  -6.0774173e+01   4.7619314e-02
   2.0241939e+01  -7.6791174e+01   4.1953732e+01  -7.4161809e+01   7.3514673e+01  -6.9285752e+01   1.0509836e+02  -6.2228120e+01   1.1468646e+02  -6.0089318e+01   5.2402136e-02
   2.0241939e+01  -7.6791174e+01   4.1952699e+01  -7.4065837e+01   7.3391437e+01  -6.8880297e+01   1.0491008e+02  -6.1446478e+01   1.1447155e+02  -5.9406796e+01   6.0994152e-02
   2.0241939e+01  -7.6791174e+01   4.1950739e+01  -7.3963877e+01   7.3307010e+01  -6.8688627e+01   1.0488902e+02  -6.1043277e+01   1.1443796e+02  -5.8910853e+01   6.0793995e-02
   2.0241939e+01  -7.6791174e+01   4.1949711e+01  -7.3867906e+01   7.3301913e+01  -6.8489756e+01   1.0468305e+02  -6.0648648e+01   1.1423216e+02  -5.8413910e+01   6.4806600e-02
   2.0241939e+01  -7.6791174e+01   4.1949711e+01  -7.3867906e+01   7.3292757e+01  -6.8187218e+01   1.0463619e+02  -6.0154147e+01   1.1419902e+02  -5.7824772e+01   6.7967881e-02
   2.0272957e+01  -7.6910981e+01   4.1880822e+01  -7.3552537e+01   7.3169983e+01  -6.7784051e+01   1.0445592e+02  -5.9480093e+01   1.1400302e+02  -5.7249107e+01   7.1136920e-02
   2.0241939e+01  -7.6791174e+01   4.1880822e+01  -7.3552537e+01   7.3159817e+01  -6.7387178e+01   1.0440896e+02  -5.9077303e+01   1.1378041e+02  -5.6464649e+01   7.3300676e-02
   2.0211016e+01  -7.6671726e+01   4.1880822e+01  -7.3552537e+01   7.3079100e+01  -6.7296726e+01   1.0406391e+02  -5.8404575e+01   1.1356552e+02  -5.5876002e+01   7.7865168e-02
   2.0241939e+01  -7.6791174e+01   4.1880822e+01  -7.3552537e+01   7.3078015e+01  -6.7201255e+01   1.0402353e+02  -5.8197029e+01   1.1356577e+02  -5.5783491e+01   8.1853041e-02
   2.0241939e+01  -7.6791174e+01   4.1943735e+01  -7.3472122e+01   7.3072936e+01  -6.7002567e+01   1.0417465e+02  -5.7804696e+01   1.1334341e+02  -5.4999868e+01   8.6044458e-02
   2.0241939e+01  -7.6791174e+01   4.1877841e+01  -7.3354972e+01   7.3062779e+01  -6.6605266e+01   1.0396837e+02  -5.7317030e+01   1.1330846e+02  -5.4498827e+01   9.0139922e-02
   2.0242725e+01  -7.6890348e+01   4.1875873e+01  -7.3253248e+01   7.2865511e+01  -6.6406328e+01   1.0362504e+02  -5.6743181e+01   1.1310108e+02  -5.4105570e+01   8.9716628e-02
   2.0241939e+01  -7.6791174e+01   4.1874860e+01  -7.3157434e+01   7.2860446e+01  -6.6207742e+01   1.0357731e+02  -5.6338060e+01   1.1289907e+02  -5.3434012e+01   9.3466184e-02
   2.0241939e+01  -7.6791174e+01   4.1874860e+01  -7.3157434e+01   7.2856453e+01  -6.6104638e+01   1.0356335e+02  -5.5946779e+01   1.1270498e+02  -5.3051806e+01   9.3426599e-02
   2.0241939e+01  -7.6791174e+01   4.1874860e+01  -7.3157434e+01   7.2734409e+01  -6.5704750e+01   1.0335797e+02  -5.5553687e+01   1.1266926e+02  -5.2549322e+01   9.9415878e-02
   2.0242725e+01  -7.6890348e+01   4.1749508e+01  -7.3276049e+01   7.2733284e+01  -6.5609110e+01   1.0331648e+02  -5.5249023e+01   1.1247032e+02  -5.2166994e+01   9.8609963e-02
   2.0241939e+01  -7.6791174e+01   4.1746534e+01  -7.3078216e+01   7.2608786e+01  -6.5203464e+01   1.0311057e+02  -5.4762216e+01   1.1244162e+02  -5.1764699e+01   1.0281310e-01
   2.0241939e+01  -7.6791174e+01   4.1746534e+01  -7.3078216e+01   7.2527450e+01  -6.5109946e+01   1.0293320e+02  -5.4283853e+01   1.1221973e+02  -5.1168147e+01   1.0507062e-01
   2.0241939e+01  -7.6791174e+01   4.1746534e+01  -7.3078216e+01   7.2522411e+01  -6.4911834e+01   1.0291964e+02  -5.3986299e+01   1.1202689e+02  -5.0697135e+01   1.0572729e-01
   2.0241939e+01  -7.6791174e+01   4.1746534e+01  -7.3078216e+01   7.2517372e+01  -6.4713747e+01   1.0272113e+02  -5.3695947e+01   1.1200538e+02  -5.0488193e+01   1.0749840e-01
   2.0241939e+01  -7.6791174e+01   4.1743561e+01  -7.2880410e+01   7.2435794e+01  -6.4619370e+01   1.0267220e+02  -5.3286640e+01   1.1179100e+02  -4.9994173e+01   1.1440349e-01
   2.0241939e+01  -7.6791174e+01   4.1743561e+01  -7.2880410e+01   7.2430757e+01  -6.4421016e+01   1.0246657e+02  -5.2800489e+01   1.1158416e+02  -4.9416528e+01   1.1624384e-01
   2.0241939e+01  -7.6791174e+01   4.1743561e+01  -7.2880410e+01   7.2309418e+01  -6.4023732e+01   1.0245273e+02  -5.2409549e+01   1.1155449e+02  -4.9103357e+01   1.1549545e-01
   2.0241939e+01  -7.6791174e+01   4.1740587e+01  -7.2682630e+01   7.2224680e+01  -6.3921246e+01   1.0226995e+02  -5.2019182e+01   1.1117049e+02  -4.8539258e+01   1.1856845e-01
   2.0241939e+01  -7.6791174e+01   4.1740587e+01  -7.2682630e+01   7.2296493e+01  -6.3620738e+01   1.0206520e+02  -5.1534744e+01   1.1095685e+02  -4.7954319e+01   1.2099521e-01
   2.0241939e+01  -7.6791174e+01   4.1675020e+01  -7.2566732e+01   7.2103754e+01  -6.3525179e+01   1.0186721e+02  -5.1245152e+01   1.1092636e+02  -4.7639828e+01   1.2545785e-01
   2.0211798e+01  -7.6770751e+01   4.1672053e+01  -7.2369293e+01   7.2021599e+01  -6.3429068e+01   1.0182349e+02  -5.0841675e+01   1.1089676e+02  -4.7139350e+01   1.3042550e-01
   2.0242725e+01  -7.6890348e+01   4.1737614e+01  -7.2484876e+01   7.1897067e+01  -6.2931259e+01   1.0160504e+02  -5.0152558e+01   1.1050719e+02  -4.6478846e+01   1.3346104e-01
   2.0242725e+01  -7.6890348e+01   4.1672053e+01  -7.2369293e+01   7.1893104e+01  -6.2828689e+01   1.0123964e+02  -4.9774057e+01   1.1029321e+02  -4.5986432e+01   1.3441433e-01
   2.0241939e+01  -7.6791174e+01   4.1672053e+01  -7.2369293e+01   7.1810661e+01  -6.2731569e+01   1.0123272e+02  -4.9486443e+01   1.1010390e+02  -4.5525154e+01   1.3956649e-01
   2.0242725e+01  -7.6890348e+01   4.1669087e+01  -7.2171879e+01   7.1687482e+01  -6.2330011e+01   1.0102148e+02  -4.8993592e+01   1.0989016e+02  -4.5033721e+01   1.3973686e-01
   2.0242725e+01  -7.6890348e+01   4.1669087e+01  -7.2171879e+01   7.1681519e+01  -6.2037352e+01   1.0077908e+02  -4.8484048e+01   1.0966028e+02  -4.4427330e+01   1.4732713e-01
   2.0241939e+01  -7.6791174e+01   4.1669087e+01  -7.2171879e+01   7.1598789e+01  -6.1939074e+01   1.0060588e+02  -4.7924634e+01   1.0945476e+02  -4.3944928e+01   1.4840576e-01
   2.0241939e+01  -7.6791174e+01   4.1666121e+01  -7.1974491e+01   7.1476902e+01  -6.1633588e+01   1.0039477e+02  -4.7525072e+01   1.0907798e+02  -4.3307467e+01   1.4864867e-01
   2.0211798e+01  -7.6770751e+01   4.1666121e+01  -7.1974491e+01   7.1471009e+01  -6.1341356e+01   1.0034228e+02  -4.7107954e+01   1.0884701e+02  -4.2792321e+01   1.5655902e-01
   2.0242725e+01  -7.6890348e+01   4.1666121e+01  -7.1974491e+01   7.1465070e+01  -6.1048835e+01   9.9986627e+01  -4.6651897e+01   1.0881459e+02  -4.2379284e+01   1.5777966e-01
   2.0242725e+01  -7.6890348e+01   4.1664134e+01  -7.1872940e+01   7.1268592e+01  -6.0851017e+01   9.9933946e+01  -4.6141268e+01   1.0841909e+02  -4.1803684e+01   1.6345139e-01
   2.0241939e+01  -7.6791174e+01   4.1663156e+01  -7.1777130e+01   7.1185287e+01  -6.0751011e+01   9.9729649e+01  -4.5750733e+01   1.0820599e+02  -4.1313446e+01   1.6539571e-01
   2.0241939e+01  -7.6791174e+01   4.1537535e+01  -7.1893524e+01   7.1063207e+01  -6.0353124e+01   9.9518539e+01  -4.5258604e+01   1.0799274e+02  -4.0823260e+01   1.7137976e-01
   2.0241939e+01  -7.6791174e+01   4.1597820e+01  -7.1662842e+01   7.1058260e+01  -6.0155648e+01   9.9314391e+01  -4.4868379e+01   1.0778809e+02  -4.0342347e+01   1.7353918e-01
   2.0241939e+01  -7.6791174e+01   4.1537535e+01  -7.1893524e+01   7.0978657e+01  -6.0157343e+01   9.9280862e+01  -4.4659640e+01   1.0776121e+02  -4.0026136e+01   1.7552965e-01
   2.0241939e+01  -7.6791174e+01   4.1534576e+01  -7.1695868e+01   7.0976602e+01  -5.9966292e+01   9.9246338e+01  -4.4542360e+01   1.0772629e+02  -3.9971537e+01   1.8095011e-01
   2.0241939e+01  -7.6791174e+01   4.1536661e+01  -7.1797186e+01   7.0900385e+01  -6.0068392e+01   9.9380016e+01  -4.4696572e+01   1.0788691e+02  -4.0109960e+01   1.8365312e-01
   2.0241939e+01  -7.6791174e+01   4.1536661e+01  -7.1797186e+01   7.1016088e+01  -6.0169779e+01   9.9352553e+01  -4.4775789e+01   1.0804473e+02  -4.0245988e+01   1.8650786e-01
   2.0241939e+01  -7.6791174e+01   4.1535891e+01  -7.1700477e+01   7.1023314e+01  -6.0371248e+01   9.9524006e+01  -4.5146499e+01   1.0823033e+02  -4.0608914e+01   1.8547994e-01
   2.0241939e+01  -7.6791174e+01   4.1538841e+01  -7.1898153e+01   7.1026848e+01  -6.0471530e+01   9.9727068e+01  -4.5443237e+01   1.0841497e+02  -4.0969995e+01   1.7926410e-01
   2.0241939e+01  -7.6791174e+01   4.1538841e+01  -7.1898153e+01   7.1146799e+01  -6.0866618e+01   9.9939879e+01  -4.6033738e+01   1.0865301e+02  -4.1593935e+01   1.7247753e-01
   2.0241939e+01  -7.6791174e+01   4.1538841e+01  -7.1898153e+01   7.1229142e+01  -6.0868754e+01   1.0010693e+02  -4.6305893e+01   1.0901282e+02  -4.2024331e+01   1.6833302e-01
   2.0242725e+01  -7.6890348e+01   4.1538841e+01  -7.1898153e+01   7.1237569e+01  -6.1167317e+01   1.0032019e+02  -4.6897662e+01   1.0925002e+02  -4.2647671e+01   1.6255520e-01
   2.0241939e+01  -7.6791174e+01   4.1667423e+01  -7.1979139e+01   7.1436454e+01  -6.1464688e+01   1.0056207e+02  -4.7315936e+01   1.0948503e+02  -4.3170500e+01   1.5251556e-01
   2.0241939e+01  -7.6791174e+01   4.1541791e+01  -7.2095856e+01   7.1441416e+01  -6.1663310e+01   1.0073680e+02  -4.7786252e+01   1.0969634e+02  -4.3663547e+01   1.4886469e-01
   2.0241939e+01  -7.6791174e+01   4.1667423e+01  -7.1979139e+01   7.1526069e+01  -6.1860466e+01   1.0097807e+02  -4.8203271e+01   1.0973322e+02  -4.4083422e+01   1.4240579e-01
   2.0241939e+01  -7.6791174e+01   4.1667423e+01  -7.1979139e+01   7.1640316e+01  -6.1960466e+01   1.0098489e+02  -4.8399978e+01   1.0993749e+02  -4.4380308e+01   1.3808634e-01
   2.0241939e+01  -7.6791174e+01   4.1670379e+01  -7.2176548e+01   7.1650272e+01  -6.2357863e+01   1.0120178e+02  -4.9090796e+01   1.1015628e+02  -4.5069564e+01   1.3414512e-01
   2.0242725e+01  -7.6890348e+01   4.1670379e+01  -7.2176548e+01   7.1736727e+01  -6.2556175e+01   1.0124633e+02  -4.9406317e+01   1.1054457e+02  -4.5636168e+01   1.3091538e-01
   2.0242725e+01  -7.6890348e+01   4.1670379e+01  -7.2176548e+01   7.1852785e+01  -6.2755609e+01   1.0161147e+02  -4.9782495e+01   1.1057266e+02  -4.5858704e+01   1.2729795e-01
   2.0241939e+01  -7.6791174e+01   4.1735937e+01  -7.2291817e+01   7.1857777e+01  -6.2954398e+01   1.0165546e+02  -5.0097138e+01   1.1078147e+02  -4.6252220e+01   1.2368610e-01
   2.0272957e+01  -7.6910981e+01   4.1736724e+01  -7.2388533e+01   7.1940416e+01  -6.3051548e+01   1.0186878e+02  -5.0688875e+01   1.1100085e+02  -4.6942701e+01   1.1872256e-01
   2.0241939e+01  -7.6791174e+01   4.1738901e+01  -7.2489567e+01   7.2063883e+01  -6.3452815e+01   1.0224228e+02  -5.1265616e+01   1.1121567e+02  -4.7535175e+01   1.1630339e-01
   2.0242725e+01  -7.6890348e+01   4.1675603e+01  -7.2474507e+01   7.2065363e+01  -6.3551178e+01   1.0224917e+02  -5.1462739e+01   1.1123849e+02  -4.7656922e+01   1.1647515e-01
   2.0242725e+01  -7.6890348e+01   4.1676294e+01  -7.2571444e+01   7.2151235e+01  -6.3747835e+01   1.0212903e+02  -5.1691880e+01   1.1145113e+02  -4.8149667e+01   1.1018769e-01
   2.0241939e+01  -7.6791174e+01   4.1741865e+01  -7.2687342e+01   7.2195743e+01  -6.4251783e+01   1.0253484e+02  -5.2285171e+01   1.1168908e+02  -4.8860942e+01   1.0281788e-01
   2.0241939e+01  -7.6791174e+01   4.1678556e+01  -7.2671990e+01   7.2276554e+01  -6.4248767e+01   1.0271265e+02  -5.2763428e+01   1.1188281e+02  -4.9332790e+01   1.0211493e-01
   2.0241939e+01  -7.6791174e+01   4.1744132e+01  -7.2788044e+01   7.2285033e+01  -6.4548008e+01   1.0272286e+02  -5.3059164e+01   1.1208957e+02  -4.9728166e+01   1.0181274e-01
   2.0241939e+01  -7.6791174e+01   4.1744829e+01  -7.2885144e+01   7.2479273e+01  -6.4647044e+01   1.0296167e+02  -5.3469097e+01   1.1212783e+02  -5.0239325e+01   9.7056567e-02
   2.0241939e+01  -7.6791174e+01   4.1744829e+01  -7.2885144e+01   7.2566071e+01  -6.4940475e+01   1.0298573e+02  -5.4158234e+01   1.1234660e+02  -5.0929170e+01   9.1146128e-02
   2.0241939e+01  -7.6791174e+01   4.1744829e+01  -7.2885144e+01   7.2571103e+01  -6.5139245e+01   1.0319257e+02  -5.4553332e+01   1.1255953e+02  -5.1422585e+01   9.1208446e-02
   2.0241939e+01  -7.6791174e+01   4.1747794e+01  -7.3082972e+01   7.2692136e+01  -6.5443644e+01   1.0339583e+02  -5.4851080e+01   1.1276801e+02  -5.1817994e+01   8.6608152e-02
   2.0241939e+01  -7.6791174e+01   4.1747794e+01  -7.3082972e+01   7.2697180e+01  -6.5642786e+01   1.0358151e+02  -5.5531498e+01   1.1296666e+02  -5.2393978e+01   8.3921271e-02
   2.0241939e+01  -7.6791174e+01   4.1747794e+01  -7.3082972e+01   7.2778658e+01  -6.5736011e+01   1.0345475e+02  -5.5649720e+01   1.1299915e+02  -5.2803694e+01   7.8519117e-02
   2.0241939e+01  -7.6791174e+01   4.1750758e+01  -7.3280826e+01   7.2785240e+01  -6.6033225e+01   1.0383043e+02  -5.6234490e+01   1.1321536e+02  -5.3396374e+01   7.8692756e-02
   2.0241939e+01  -7.6791174e+01   4.1750758e+01  -7.3280826e+01   7.2986296e+01  -6.6333023e+01   1.0404439e+02  -5.6828098e+01   1.1343166e+02  -5.3989333e+01   7.4827485e-02
   2.0241939e+01  -7.6791174e+01   4.1750758e+01  -7.3280826e+01   7.2991356e+01  -6.6531974e+01   1.0405762e+02  -5.7222515e+01   1.1364340e+02  -5.4484035e+01   7.0381792e-02
   2.0241939e+01  -7.6791174e+01   4.1750758e+01  -7.3280826e+01   7.2996416e+01  -6.6730952e+01   1.0406860e+02  -5.7518718e+01   1.1365853e+02  -5.4878041e+01   6.9203585e-02
   2.0241939e+01  -7.6791174e+01   4.1753723e+01  -7.3478706e+01   7.2997969e+01  -6.6829336e+01   1.0427948e+02  -5.8014111e+01   1.1369017e+02  -5.5284191e+01   6.6946067e-02
   2.0241939e+01  -7.6791174e+01   4.1879086e+01  -7.3359766e+01   7.3008096e+01  -6.7227391e+01   1.0432687e+02  -5.8514299e+01   1.1390642e+02  -5.5877107e+01   6.4525486e-02
   2.0241939e+01  -7.6791174e+01   4.1879086e+01  -7.3359766e+01   7.3129905e+01  -6.7535440e+01   1.0453377e+02  -5.8910756e+01   1.1412276e+02  -5.6470301e+01   6.0621531e-02
   2.0211016e+01  -7.6671726e+01   4.1947244e+01  -7.3577704e+01   7.3212682e+01  -6.7627772e+01   1.0471412e+02  -5.9400453e+01   1.1413578e+02  -5.6863705e+01   5.9964525e-02
   2.0241939e+01  -7.6791174e+01   4.1947963e+01  -7.3674818e+01   7.3217755e+01  -6.7826894e+01   1.0472523e+02  -5.9697177e+01   1.1415094e+02  -5.7257720e+01   5.7907851e-02
   2.0241939e+01  -7.6791174e+01   4.1947963e+01  -7.3674818e+01   7.3220963e+01  -6.8024138e+01   1.0476888e+02  -6.0096710e+01   1.1436962e+02  -5.7852104e+01   5.4008254e-02
   2.0272957e+01  -7.6910981e+01   4.1950218e+01  -7.3775627e+01   7.3231119e+01  -6.8422504e+01   1.0481562e+02  -6.0593701e+01   1.1440325e+02  -5.8352377e+01   4.7451343e-02
   2.0241939e+01  -7.6791174e+01   4.1950942e+01  -7.3872745e+01   7.3430696e+01  -6.8623979e+01   1.0500028e+02  -6.1184820e+01   1.1461958e+02  -5.8945774e+01   4.8345815e-02
   2.0211798e+01  -7.6770751e+01   4.1950942e+01  -7.3872745e+01   7.3432348e+01  -6.8722820e+01   1.0502949e+02  -6.1187422e+01   1.1480824e+02  -5.9237081e+01   4.8234359e-02
   2.0241939e+01  -7.6791174e+01   4.1950942e+01  -7.3872745e+01   7.3433940e+01  -6.8821313e+01   1.0521507e+02  -6.1779519e+01   1.1483600e+02  -5.9539449e+01   4.2850048e-02
   2.0241939e+01  -7.6791174e+01   4.1953921e+01  -7.4070699e+01   7.3444124e+01  -6.9219887e+01   1.0526127e+02  -6.2274550e+01   1.1505030e+02  -6.0424882e+01   4.0031383e-02
   2.0241939e+01  -7.6791174e+01   4.1953921e+01  -7.4070699e+01   7.3447618e+01  -6.9320689e+01   1.0544361e+02  -6.2770142e+01   1.1508005e+02  -6.0823544e+01   3.7518104e-02
   2.0241939e+01  -7.6791174e+01   4.1953921e+01  -7.4070699e+01   7.3568248e+01  -6.9629753e+01   1.0544711e+02  -6.2868498e+01   1.1508440e+02  -6.0921858e+01   3.8621010e-02
   2.0241939e+01  -7.6791174e+01   4.2078989e+01  -7.3950816e+01   7.3647027e+01  -6.9618917e+01   1.0546113e+02  -6.3264793e+01   1.1529675e+02  -6.1418086e+01   3.2091681e-02
   2.0241939e+01  -7.6791174e+01   4.1956900e+01  -7.4268678e+01   7.3653683e+01  -6.9916487e+01   1.0566873e+02  -6.3662019e+01   1.1531644e+02  -6.1911184e+01   3.1043310e-02
   2.0241939e+01  -7.6791174e+01   4.2081975e+01  -7.4148475e+01   7.3780190e+01  -7.0330624e+01   1.0568649e+02  -6.4157276e+01   1.1534452e+02  -6.2307696e+01   2.8676252e-02
   2.0241939e+01  -7.6791174e+01   4.2081975e+01  -7.4148475e+01   7.3783683e+01  -7.0431658e+01   1.0569693e+02  -6.4454364e+01   1.1553955e+02  -6.2703888e+01   3.0515514e-02
   2.0242725e+01  -7.6890348e+01   4.2023033e+01  -7.4387455e+01   7.3670940e+01  -7.0517480e+01   1.0573547e+02  -6.4748514e+01   1.1555759e+02  -6.3197256e+01   2.7422458e-02
   2.0241939e+01  -7.6791174e+01   4.2084221e+01  -7.4249192e+01   7.3795584e+01  -7.0832483e+01   1.0591311e+02  -6.5148156e+01   1.1576562e+02  -6.3690814e+01   2.3486379e-02
   2.0241939e+01  -7.6791174e+01   4.2084961e+01  -7.4346161e+01   7.3756135e+01  -7.0802606e+01   1.0610561e+02  -6.5849654e+01   1.1578988e+02  -6.4188072e+01   1.8962932e-02
   2.0084624e+01  -7.6914354e+01   4.2087202e+01  -7.4446900e+01   7.3879072e+01  -7.1116415e+01   1.0614439e+02  -6.6142530e+01   1.1600426e+02  -6.4685660e+01   1.9686091e-02
   2.0241939e+01  -7.6791174e+01   4.2154187e+01  -7.4662906e+01   7.3884191e+01  -7.1315991e+01   1.0598915e+02  -6.6432118e+01   1.1583916e+02  -6.5075724e+01   1.3016803e-02
   2.0272957e+01  -7.6910981e+01   4.2087947e+01  -7.4543872e+01   7.3890950e+01  -7.1614235e+01   1.0619643e+02  -6.6829186e+01   1.1585900e+02  -6.5569377e+01   9.2089414e-03
   2.0241939e+01  -7.6791174e+01   4.2090184e+01  -7.4644634e+01   7.3894431e+01  -7.1715222e+01   1.0620371e+02  -6.7028387e+01   1.1605522e+02  -6.5971689e+01   1.1265477e-02
   2.0242725e+01  -7.6890348e+01   4.2090934e+01  -7.4741609e+01   7.3970752e+01  -7.1698538e+01   1.0621443e+02  -6.7325000e+01   1.1607590e+02  -6.6165120e+01   8.3710185e-03
   2.0273747e+01  -7.7010306e+01   4.2090934e+01  -7.4741609e+01   7.3901195e+01  -7.2013538e+01   1.0622493e+02  -6.7621345e+01   1.1608783e+02  -6.6461158e+01   4.3557540e-03
   2.0241939e+01  -7.6791174e+01   4.2090934e+01  -7.4741609e+01   7.3902777e+01  -7.2111834e+01   1.0625733e+02  -6.7807680e+01   1.1610319e+02  -6.6854699e+01   2.4850583e-03
   2.0272957e+01  -7.6910981e+01   4.2157180e+01  -7.4860959e+01   7.3904296e+01  -7.2209761e+01   1.0626175e+02  -6.7908368e+01   1.1610661e+02  -6.6952137e+01  -3.5954281e-04
   2.0272957e+01  -7.6910981e+01   4.2090934e+01  -7.4741609e+01   7.3904296e+01  -7.2209761e+01   1.0643421e+02  -6.8114781e+01   1.1611817e+02  -6.6944814e+01  -1.1492930e-03
   2.0211798e+01  -7.6770751e+01   4.2090934e+01  -7.4741609e+01   7.3904296e+01  -7.2209761e+01   1.0643670e+02  -6.8211751e+01   1.1612588e+02  -6.7142288e+01  -1.6664777e-03
   2.0242725e+01  -7.6890348e+01   4.2157180e+01  -7.4860959e+01   7.3905753e+01  -7.2307318e+01   1.0626694e+02  -6.8102322e+01   1.1612588e+02  -6.7142288e+01  -7.5816912e-04
   2.0241939e+01  -7.6791174e+01   4.2090934e+01  -7.4741609e+01   7.3905753e+01  -7.2307318e+01   1.0626694e+02  -6.8102322e+01   1.1612876e+02  -6.7238932e+01   4.3347473e-04
   2.0241939e+01  -7.6791174e+01   4.2090934e+01  -7.4741609e+01   7.3905753e+01  -7.2307318e+01   1.0626410e+02  -6.8097069e+01   1.1611826e+02  -6.7036240e+01  -1.9196584e-04
   2.0241939e+01  -7.6791174e+01   4.2090934e+01  -7.4741609e+01   7.3902016e+01  -7.2204807e+01   1.0626410e+02  -6.8097069e+01   1.1611826e+02  -6.7036240e+01  -6.5221832e-04
   2.0241939e+01  -7.6791174e+01   4.2091786e+01  -7.4838201e+01   7.3902016e+01  -7.2204807e+01   1.0625321e+02  -6.7892623e+01   1.1609823e+02  -6.6936516e+01   1.5746860e-03
   2.0241939e+01  -7.6791174e+01   4.2089744e+01  -7.4736665e+01   7.3898212e+01  -7.2101940e+01   1.0624028e+02  -6.7592119e+01   1.1608715e+02  -6.6523846e+01   6.6219095e-04
   2.0241939e+01  -7.6791174e+01   4.2155035e+01  -7.4759652e+01   7.3893079e+01  -7.1902292e+01   1.0623426e+02  -6.7489095e+01   1.1606391e+02  -6.6326350e+01   5.0461697e-03
   2.0241939e+01  -7.6791174e+01   4.2088794e+01  -7.4640461e+01   7.3966431e+01  -7.1690159e+01   1.0622598e+02  -6.7196616e+01   1.1605548e+02  -6.6034628e+01   5.9856651e-03
   2.0241939e+01  -7.6791174e+01   4.2086748e+01  -7.4538949e+01   7.3954805e+01  -7.1381123e+01   1.0603147e+02  -6.6675789e+01   1.1584067e+02  -6.5420526e+01   1.2593790e-02
   2.0241939e+01  -7.6791174e+01   4.2086748e+01  -7.4538949e+01   7.3761095e+01  -7.1284851e+01   1.0602388e+02  -6.6384914e+01   1.1583280e+02  -6.5130061e+01   1.4987602e-02
   2.0241939e+01  -7.6791174e+01   4.2086748e+01  -7.4538949e+01   7.3757163e+01  -7.1181510e+01   1.0581035e+02  -6.5884325e+01   1.1562536e+02  -6.4528449e+01   2.0209542e-02
   2.0241939e+01  -7.6791174e+01   4.2085803e+01  -7.4442747e+01   7.3750852e+01  -7.0886422e+01   1.0579610e+02  -6.5489930e+01   1.1560221e+02  -6.3938128e+01   2.4686119e-02
   2.0241939e+01  -7.6791174e+01   4.1958677e+01  -7.4461779e+01   7.3745730e+01  -7.0687246e+01   1.0577474e+02  -6.4898524e+01   1.1538603e+02  -6.3345199e+01   2.7856596e-02
   2.0241939e+01  -7.6791174e+01   4.2083752e+01  -7.4341260e+01   7.3737790e+01  -7.0480356e+01   1.0576761e+02  -6.4701438e+01   1.1537046e+02  -6.3044693e+01   3.2350448e-02
   2.0241939e+01  -7.6791174e+01   4.2082813e+01  -7.4245059e+01   7.3731548e+01  -7.0185744e+01   1.0555381e+02  -6.4108046e+01   1.1515440e+02  -6.2452198e+01   3.7819268e-02
   2.0115448e+01  -7.7034533e+01   4.2080757e+01  -7.4143597e+01   7.3609036e+01  -6.9874054e+01   1.0553960e+02  -6.3714110e+01   1.1513132e+02  -6.1862729e+01   4.1097300e-02
   2.0241939e+01  -7.6791174e+01   4.2080757e+01  -7.4143597e+01   7.3528891e+01  -6.9787251e+01   1.0533260e+02  -6.3224526e+01   1.1492326e+02  -6.1374414e+01   4.2380841e-02
   2.0241939e+01  -7.6791174e+01   4.2079822e+01  -7.4047397e+01   7.3522611e+01  -6.9492366e+01   1.0531173e+02  -6.2727476e+01   1.1490024e+02  -6.0785343e+01   4.7386255e-02
   2.0241939e+01  -7.6791174e+01   4.2077762e+01  -7.3945960e+01   7.3514673e+01  -6.9285752e+01   1.0509836e+02  -6.2228120e+01   1.1469458e+02  -6.0192968e+01   4.9172869e-02
   2.0241939e+01  -7.6791174e+01   4.1952699e+01  -7.4065837e+01   7.3509563e+01  -6.9086803e+01   1.0491733e+02  -6.1735855e+01   1.1466079e+02  -5.9790335e+01   5.3983974e-02
   2.0241939e+01  -7.6791174e+01   4.1952699e+01  -7.4065837e+01   7.3503351e+01  -6.8792388e+01   1.0490319e+02  -6.1343163e+01   1.1446391e+02  -5.9210979e+01   5.7665528e-02
   2.0241939e+01  -7.6791174e+01   4.1949711e+01  -7.3867906e+01   7.3301913e+01  -6.8489756e+01   1.0485645e+02  -6.0756288e+01   1.1424886e+02  -5.8528540e+01   6.2609284e-02
   2.0241939e+01  -7.6791174e+01   4.1949711e+01  -7.3867906e+01   7.3295722e+01  -6.8195426e+01   1.0466899e+02  -6.0163564e+01   1.1420715e+02  -5.7928302e+01   6.4667506e-02
   2.0242725e+01  -7.6890348e+01   4.1883803e+01  -7.3750127e+01   7.3291722e+01  -6.8092090e+01   1.0446999e+02  -5.9872311e+01   1.1401825e+02  -5.7640245e+01   6.5862563e-02
   2.0241939e+01  -7.6791174e+01   4.1880822e+01  -7.3552537e+01   7.3169983e+01  -6.7784051e+01   1.0445592e+02  -5.9480093e+01   1.1399540e+02  -5.7053575e+01   7.0075718e-02
   2.0242725e+01  -7.6890348e+01   4.1880822e+01  -7.3552537e+01   7.3163812e+01  -6.7490277e+01   1.0443481e+02  -5.8891951e+01   1.1378041e+02  -5.6464649e+01   7.6533302e-02
   2.0241939e+01  -7.6791174e+01   4.1880822e+01  -7.3552537e+01   7.3157587e+01  -6.7196187e+01   1.0420239e+02  -5.8496132e+01   1.1356145e+02  -5.5972960e+01   7.6904547e-02
   2.0241939e+01  -7.6791174e+01   4.1877841e+01  -7.3354972e+01   7.3074019e+01  -6.7098035e+01   1.0401637e+02  -5.7908168e+01   1.1353082e+02  -5.5375992e+01   7.8770904e-02
   2.0241939e+01  -7.6791174e+01   4.1877841e+01  -7.3354972e+01   7.3068938e+01  -6.6899370e+01   1.0400249e+02  -5.7609436e+01   1.1333557e+02  -5.4897127e+01   8.4542907e-02
   2.0211798e+01  -7.6770751e+01   4.1877841e+01  -7.3354972e+01   7.2947592e+01  -6.6593403e+01   1.0379692e+02  -5.7215849e+01   1.1312847e+02  -5.4504356e+01   8.6540777e-02
   2.0241939e+01  -7.6791174e+01   4.1877841e+01  -7.3354972e+01   7.1160415e+01  -6.4737090e+01   1.0376252e+02  -5.6922903e+01   1.1310843e+02  -5.4114940e+01   9.0791579e-02
   2.0241939e+01  -7.6791174e+01   4.1751569e+01  -7.3377556e+01   7.2864378e+01  -6.6310524e+01   1.0375421e+02  -5.6539244e+01   1.1290065e+02  -5.3628360e+01   9.4263163e-02
   2.0241939e+01  -7.6791174e+01   4.1874860e+01  -7.3157434e+01   7.2855381e+01  -6.6009183e+01   1.0353578e+02  -5.5941039e+01   1.1287112e+02  -5.3126459e+01   9.4795653e-02
   2.0241939e+01  -7.6791174e+01   4.1874860e+01  -7.3157434e+01   7.2734409e+01  -6.5704750e+01   1.0335797e+02  -5.5553687e+01   1.1267709e+02  -5.2651779e+01   9.3367001e-02
   2.0241939e+01  -7.6791174e+01   4.1749508e+01  -7.3276049e+01   7.2730422e+01  -6.5601859e+01   1.0315278e+02  -5.5253662e+01   1.1246998e+02  -5.2352173e+01   9.7379432e-02
   2.0241939e+01  -7.6791174e+01   4.1746534e+01  -7.3078216e+01   7.2609849e+01  -6.5298609e+01   1.0311090e+02  -5.4855565e+01   1.1245523e+02  -5.1870008e+01   1.0000807e-01
   2.0241939e+01  -7.6791174e+01   4.1746534e+01  -7.3078216e+01   7.2643015e+01  -6.5214887e+01   1.0309666e+02  -5.4370747e+01   1.1222730e+02  -5.1270342e+01   1.0382668e-01
   2.0241939e+01  -7.6791174e+01   4.1746534e+01  -7.3078216e+01   7.2522411e+01  -6.4911834e+01   1.0289117e+02  -5.3977541e+01   1.1202695e+02  -5.0604444e+01   1.0673493e-01
   2.0241939e+01  -7.6791174e+01   4.1744564e+01  -7.2976379e+01   7.2513389e+01  -6.4610971e+01   1.0270066e+02  -5.3388837e+01   1.1180369e+02  -5.0193072e+01   1.0921300e-01
   2.0241939e+01  -7.6791174e+01   4.1743561e+01  -7.2880410e+01   7.2431812e+01  -6.4516450e+01   1.0233316e+02  -5.3004274e+01   1.1161271e+02  -4.9632891e+01   1.1088611e-01
   2.0241939e+01  -7.6791174e+01   4.1743561e+01  -7.2880410e+01   7.2430757e+01  -6.4421016e+01   1.0245995e+02  -5.2698317e+01   1.1156898e+02  -4.9305386e+01   1.1214824e-01
   2.0241939e+01  -7.6791174e+01   4.1677088e+01  -7.2668008e+01   7.2305497e+01  -6.3921357e+01   1.0224780e+02  -5.2110262e+01   1.1135521e+02  -4.8626609e+01   1.1926305e-01
   2.0241939e+01  -7.6791174e+01   4.1740587e+01  -7.2682630e+01   7.2219654e+01  -6.3722992e+01   1.0206520e+02  -5.1534744e+01   1.1113282e+02  -4.8030922e+01   1.2107343e-01
   2.0242725e+01  -7.6890348e+01   4.1738608e+01  -7.2580843e+01   7.2099784e+01  -6.3422540e+01   1.0186031e+02  -5.1235694e+01   1.1091808e+02  -4.7537378e+01   1.2515227e-01
   2.0241939e+01  -7.6791174e+01   4.1675020e+01  -7.2566732e+01   7.2094771e+01  -6.3224656e+01   1.0181686e+02  -5.0925515e+01   1.1073589e+02  -4.7175480e+01   1.2569404e-01
   2.0241939e+01  -7.6791174e+01   4.1672053e+01  -7.2369293e+01   7.2012618e+01  -6.3128110e+01   1.0161191e+02  -5.0347699e+01   1.1050719e+02  -4.6478846e+01   1.3368973e-01
   2.0241939e+01  -7.6791174e+01   4.1672053e+01  -7.2369293e+01   7.1892069e+01  -6.2733430e+01   1.0123964e+02  -4.9774057e+01   1.1029321e+02  -4.5986432e+01   1.3440066e-01
   2.0211016e+01  -7.6671726e+01   4.1669087e+01  -7.2171879e+01   7.1805663e+01  -6.2533470e+01   1.0119530e+02  -4.9368994e+01   1.1007968e+02  -4.5401768e+01   1.3557727e-01
   2.0211016e+01  -7.6671726e+01   4.1671164e+01  -7.2273106e+01   7.1879082e+01  -6.2330275e+01   1.0102148e+02  -4.8993592e+01   1.0987302e+02  -4.5103805e+01   1.3801153e-01
   2.0241939e+01  -7.6791174e+01   4.1669087e+01  -7.2171879e+01   7.1759014e+01  -6.1937929e+01   1.0081708e+02  -4.8602737e+01   1.0966764e+02  -4.4621425e+01   1.4333877e-01
   2.0241939e+01  -7.6791174e+01   4.1669087e+01  -7.2171879e+01   7.1602747e+01  -6.2041696e+01   1.0077194e+02  -4.8102959e+01   1.0946224e+02  -4.4046253e+01   1.4664421e-01
   2.0242725e+01  -7.6890348e+01   4.1668203e+01  -7.2075694e+01   7.1593805e+01  -6.1741078e+01   1.0040163e+02  -4.7534099e+01   1.0924123e+02  -4.3453683e+01   1.5187473e-01
   2.0241939e+01  -7.6791174e+01   4.1666121e+01  -7.1974491e+01   7.1473996e+01  -6.1348824e+01   1.0035627e+02  -4.7219154e+01   1.0903587e+02  -4.2971619e+01   1.5353170e-01
   2.0241939e+01  -7.6791174e+01   4.1666121e+01  -7.1974491e+01   7.1391997e+01  -6.1344921e+01   1.0017705e+02  -4.6745979e+01   1.0884054e+02  -4.2506897e+01   1.5620698e-01
   2.0211016e+01  -7.6671726e+01   4.1666121e+01  -7.1974491e+01   7.1387026e+01  -6.1147002e+01   9.9947477e+01  -4.6530450e+01   1.0862461e+02  -4.2192862e+01   1.6158857e-01
   2.0211798e+01  -7.6770751e+01   4.1665242e+01  -7.1878309e+01   7.1267581e+01  -6.0755787e+01   9.9743100e+01  -4.6046846e+01   1.0821326e+02  -4.1507099e+01   1.6685883e-01
   2.0241939e+01  -7.6791174e+01   4.1597820e+01  -7.1662842e+01   7.1067197e+01  -6.0455712e+01   9.9532161e+01  -4.5554797e+01   1.0819082e+02  -4.1018459e+01   1.6798334e-01
   2.0241939e+01  -7.6791174e+01   4.1663156e+01  -7.1777130e+01   7.0983602e+01  -6.0355133e+01   9.9327938e+01  -4.5071518e+01   1.0779533e+02  -4.0535864e+01   1.7056260e-01
   2.0241939e+01  -7.6791174e+01   4.1661164e+01  -7.1675603e+01   7.0978657e+01  -6.0157343e+01   9.9150616e+01  -4.4602621e+01   1.0760185e+02  -4.0075649e+01   1.7500738e-01
   2.0272957e+01  -7.6910981e+01   4.1469342e+01  -7.1581536e+01   7.0860923e+01  -5.9863073e+01   9.8946889e+01  -4.4213202e+01   1.0736990e+02  -3.9464266e+01   1.8033553e-01
   2.0242725e+01  -7.6890348e+01   4.1467358e+01  -7.1480031e+01   7.0777040e+01  -5.9761630e+01   9.8709187e+01  -4.3799996e+01   1.0714437e+02  -3.9044675e+01   1.8401534e-01
   2.0242725e+01  -7.6890348e+01   4.1532587e+01  -7.1594203e+01   7.0771112e+01  -5.9468555e+01   9.8661475e+01  -4.3386761e+01   1.0694688e+02  -3.8664235e+01   1.8514979e-01
   2.0241939e+01  -7.6791174e+01   4.1531617e+01  -7.1498239e+01   7.0773903e+01  -5.9474614e+01   9.8638444e+01  -4.3469649e+01   1.0710105e+02  -3.8606889e+01   1.8999040e-01
   2.0241939e+01  -7.6791174e+01   4.1468474e+01  -7.1485356e+01   7.0693555e+01  -5.9473999e+01   9.8769448e+01  -4.3619456e+01   1.0726138e+02  -3.8835790e+01   1.9186479e-01
   2.0241939e+01  -7.6791174e+01   4.1533706e+01  -7.1599533e+01   7.0812564e+01  -5.9675231e+01   9.8898187e+01  -4.3766638e+01   1.0742289e+02  -3.9068003e+01   1.9830263e-01
   2.0241939e+01  -7.6791174e+01   4.1535891e+01  -7.1700477e+01   7.0816151e+01  -5.9775768e+01   9.9230999e+01  -4.4305921e+01   1.0775947e+02  -3.9556751e+01   1.9675137e-01
   2.0241939e+01  -7.6791174e+01   4.1535891e+01  -7.1700477e+01   7.0821074e+01  -5.9974168e+01   9.9271588e+01  -4.4432119e+01   1.0796766e+02  -3.9951209e+01   1.8924561e-01
   2.0272957e+01  -7.6910981e+01   4.1535891e+01  -7.1700477e+01   7.0937866e+01  -6.0171683e+01   9.9440901e+01  -4.4799695e+01   1.0817184e+02  -4.0248024e+01   1.8203788e-01
   2.0241939e+01  -7.6791174e+01   4.1538172e+01  -7.1801072e+01   7.1026848e+01  -6.0471530e+01   9.9694192e+01  -4.5516321e+01   1.0858853e+02  -4.1037531e+01   1.7112012e-01
   2.0241939e+01  -7.6791174e+01   4.1538841e+01  -7.1898153e+01   7.1229142e+01  -6.0868754e+01   1.0010017e+02  -4.6109185e+01   1.0882619e+02  -4.1661921e+01   1.6515989e-01
   2.0241939e+01  -7.6791174e+01   4.1538841e+01  -7.1898153e+01   7.1234091e+01  -6.1067298e+01   1.0011370e+02  -4.6502625e+01   1.0885970e+02  -4.1988525e+01   1.6473727e-01
   2.0241939e+01  -7.6791174e+01   4.1538841e+01  -7.1898153e+01   7.1235509e+01  -6.1165527e+01   1.0031680e+02  -4.6798899e+01   1.0925130e+02  -4.2647082e+01   1.5632603e-01
   2.0241939e+01  -7.6791174e+01   4.1541791e+01  -7.2095856e+01   7.1436454e+01  -6.1464688e+01   1.0053353e+02  -4.7489700e+01   1.0948084e+02  -4.3072734e+01   1.4704294e-01
   2.0241939e+01  -7.6791174e+01   4.1667423e+01  -7.1979139e+01   7.1446378e+01  -6.1861958e+01   1.0094006e+02  -4.8083560e+01   1.0987986e+02  -4.3930923e+01   1.4177489e-01
   2.0242725e+01  -7.6890348e+01   4.1669699e+01  -7.2079619e+01   7.1562115e+01  -6.2060545e+01   1.0095033e+02  -4.8378721e+01   1.0991619e+02  -4.4352527e+01   1.3729635e-01
   2.0272957e+01  -7.6910981e+01   4.1670379e+01  -7.2176548e+01   7.1648823e+01  -6.2259567e+01   1.0118812e+02  -4.8697233e+01   1.1012765e+02  -4.4845996e+01   1.3652867e-01
   2.0241939e+01  -7.6791174e+01   4.1670379e+01  -7.2176548e+01   7.1653799e+01  -6.2458293e+01   1.0124278e+02  -4.9307494e+01   1.1036444e+02  -4.5464065e+01   1.2939423e-01
   2.0241939e+01  -7.6791174e+01   4.1670379e+01  -7.2176548e+01   7.1851322e+01  -6.2657290e+01   1.0144579e+02  -4.9604503e+01   1.1057266e+02  -4.5858704e+01   1.2522581e-01
   2.0242725e+01  -7.6890348e+01   4.1735937e+01  -7.2291817e+01   7.1856312e+01  -6.2856068e+01   1.0162521e+02  -5.0177167e+01   1.1060683e+02  -4.6277319e+01   1.2511966e-01
   2.0241939e+01  -7.6791174e+01   4.1672651e+01  -7.2277050e+01   7.1943940e+01  -6.3151883e+01   1.0183505e+02  -5.0671291e+01   1.1100260e+02  -4.7041729e+01   1.2010444e-01
   2.0242725e+01  -7.6890348e+01   4.1675603e+01  -7.2474507e+01   7.2063883e+01  -6.3452815e+01   1.0204561e+02  -5.1165605e+01   1.1121567e+02  -4.7535175e+01   1.1263687e-01
   2.0241939e+01  -7.6791174e+01   4.1673336e+01  -7.2373982e+01   7.2146230e+01  -6.3549248e+01   1.0208571e+02  -5.1379793e+01   1.1124287e+02  -4.7754868e+01   1.1232846e-01
   2.0241939e+01  -7.6791174e+01   4.1738901e+01  -7.2489567e+01   7.2147712e+01  -6.3647456e+01   1.0212550e+02  -5.1593102e+01   1.1127718e+02  -4.8169803e+01   1.0658355e-01
   2.0241939e+01  -7.6791174e+01   4.1741865e+01  -7.2687342e+01   7.2273032e+01  -6.4148203e+01   1.0250929e+02  -5.2465700e+01   1.1167437e+02  -4.8937602e+01   1.0319473e-01
   2.0242725e+01  -7.6890348e+01   4.1744132e+01  -7.2788044e+01   7.2281571e+01  -6.4447753e+01   1.0255205e+02  -5.2776387e+01   1.1189027e+02  -4.9529383e+01   1.0116466e-01
   2.0241939e+01  -7.6791174e+01   4.1741865e+01  -7.2687342e+01   7.2397260e+01  -6.4552078e+01   1.0275512e+02  -5.3073737e+01   1.1191513e+02  -4.9746428e+01   1.0300264e-01
   2.0241939e+01  -7.6791174e+01   4.1744829e+01  -7.2885144e+01   7.2363630e+01  -6.4542724e+01   1.0276546e+02  -5.3368433e+01   1.1212458e+02  -5.0140735e+01   9.7440801e-02
   2.0241939e+01  -7.6791174e+01   4.1744829e+01  -7.2885144e+01   7.2448901e+01  -6.4737393e+01   1.0297553e+02  -5.3862759e+01   1.1233614e+02  -5.0634344e+01   9.0923644e-02
   2.0242725e+01  -7.6890348e+01   4.1744829e+01  -7.2885144e+01   7.2571103e+01  -6.5139245e+01   1.0318911e+02  -5.4455287e+01   1.1255630e+02  -5.1323955e+01   8.8614756e-02
   2.0241939e+01  -7.6791174e+01   4.1811416e+01  -7.3098599e+01   7.2576136e+01  -6.5338040e+01   1.0336812e+02  -5.4937631e+01   1.1256998e+02  -5.1717537e+01   8.8466686e-02
   2.0241939e+01  -7.6791174e+01   4.1747794e+01  -7.3082972e+01   7.2581169e+01  -6.5536862e+01   1.0340604e+02  -5.5146730e+01   1.1277847e+02  -5.2113017e+01   8.6287952e-02
   2.0241939e+01  -7.6791174e+01   4.1747794e+01  -7.3082972e+01   7.2780191e+01  -6.5834341e+01   1.0362007e+02  -5.5739309e+01   1.1299595e+02  -5.2705020e+01   8.0835341e-02
   2.0242725e+01  -7.6890348e+01   4.1750052e+01  -7.3183718e+01   7.2783705e+01  -6.5934884e+01   1.0382669e+02  -5.6136007e+01   1.1321074e+02  -5.3297971e+01   7.8905180e-02
   2.0241939e+01  -7.6791174e+01   4.1750758e+01  -7.3280826e+01   7.2792202e+01  -6.6234011e+01   1.0384763e+02  -5.6727599e+01   1.1324094e+02  -5.3705725e+01   7.4440586e-02
   2.0241939e+01  -7.6791174e+01   4.1750758e+01  -7.3280826e+01   7.2991356e+01  -6.6531974e+01   1.0404762e+02  -5.6926809e+01   1.1326088e+02  -5.4197488e+01   7.2798142e-02
   2.0272957e+01  -7.6910981e+01   4.1750758e+01  -7.3280826e+01   7.2996416e+01  -6.6730952e+01   1.0406860e+02  -5.7518718e+01   1.1365853e+02  -5.4878041e+01   6.9986297e-02
   2.0241939e+01  -7.6791174e+01   4.1879086e+01  -7.3359766e+01   7.3001477e+01  -6.6929955e+01   1.0428306e+02  -5.8112490e+01   1.1369773e+02  -5.5480992e+01   6.7322489e-02
   2.0241939e+01  -7.6791174e+01   4.1819528e+01  -7.3596226e+01   7.3006539e+01  -6.7128984e+01   1.0431986e+02  -5.8317133e+01   1.1390171e+02  -5.5778589e+01   6.3903454e-02
   2.0241939e+01  -7.6791174e+01   4.1819528e+01  -7.3596226e+01   7.3015043e+01  -6.7428351e+01   1.0450390e+02  -5.8904790e+01   1.1410682e+02  -5.6459976e+01   5.9416602e-02
   2.0242725e+01  -7.6890348e+01   4.1882058e+01  -7.3557353e+01   7.3210808e+01  -6.7625875e+01   1.0454781e+02  -5.9305276e+01   1.1414079e+02  -5.6962621e+01   5.7042817e-02
   2.0241939e+01  -7.6791174e+01   4.1882058e+01  -7.3557353e+01   7.3219388e+01  -6.7925688e+01   1.0475481e+02  -5.9701978e+01   1.1415596e+02  -5.7356680e+01   5.6621761e-02
   2.0242725e+01  -7.6890348e+01   4.1882058e+01  -7.3557353e+01   7.3300048e+01  -6.8015425e+01   1.0477252e+02  -6.0195127e+01   1.1437414e+02  -5.7950563e+01   5.1565848e-02
   2.0241939e+01  -7.6791174e+01   4.1950218e+01  -7.3775627e+01   7.3305125e+01  -6.8214289e+01   1.0481472e+02  -6.0593344e+01   1.1458903e+02  -5.8544587e+01   4.8792941e-02
   2.0241939e+01  -7.6791174e+01   4.1885030e+01  -7.3754965e+01   7.3430696e+01  -6.8623979e+01   1.0516413e+02  -6.1184038e+01   1.1460144e+02  -5.8937742e+01   4.9823708e-02
   2.0242725e+01  -7.6890348e+01   4.1950942e+01  -7.3872745e+01   7.3432348e+01  -6.8722820e+01   1.0503654e+02  -6.1384669e+01   1.1481334e+02  -5.9336271e+01   4.7047496e-02
   2.0241939e+01  -7.6791174e+01   4.1950942e+01  -7.3872745e+01   7.3439032e+01  -6.9020587e+01   1.0521845e+02  -6.1878566e+01   1.1484641e+02  -5.9834813e+01   4.2198440e-02
   2.0272957e+01  -7.6910981e+01   4.1953921e+01  -7.4070699e+01   7.3447618e+01  -6.9320689e+01   1.0526464e+02  -6.2373472e+01   1.1507241e+02  -6.0626320e+01   3.8240820e-02
   2.0272957e+01  -7.6910981e+01   4.1953921e+01  -7.4070699e+01   7.3570198e+01  -6.9632390e+01   1.0544698e+02  -6.2869227e+01   1.1508309e+02  -6.0922167e+01   3.7054516e-02
   2.0241939e+01  -7.6791174e+01   4.1953921e+01  -7.4070699e+01   7.3452709e+01  -6.9520030e+01   1.0545069e+02  -6.2967906e+01   1.1508770e+02  -6.1020791e+01   3.6774882e-02
   2.0241939e+01  -7.6791174e+01   4.1956900e+01  -7.4268678e+01   7.3652133e+01  -6.9818296e+01   1.0566164e+02  -6.3464157e+01   1.1530440e+02  -6.1615416e+01   3.0323464e-02
   2.0241939e+01  -7.6791174e+01   4.1956900e+01  -7.4268678e+01   7.3657240e+01  -7.0017700e+01   1.0567940e+02  -6.3959356e+01   1.1532410e+02  -6.2108582e+01   3.0392636e-02
   2.0241939e+01  -7.6791174e+01   4.1956900e+01  -7.4268678e+01   7.3665835e+01  -7.0318008e+01   1.0569359e+02  -6.4355221e+01   1.1553955e+02  -6.2703888e+01   2.7691134e-02
   2.0241939e+01  -7.6791174e+01   4.1959142e+01  -7.4369555e+01   7.3665835e+01  -7.0318008e+01   1.0570004e+02  -6.4553183e+01   1.1554471e+02  -6.2900285e+01   2.8047484e-02
   2.0272957e+01  -7.6910981e+01   4.1959142e+01  -7.4369555e+01   7.3674362e+01  -7.0618020e+01   1.0588632e+02  -6.5152415e+01   1.1556003e+02  -6.3295301e+01   2.4903686e-02
   2.0272957e+01  -7.6910981e+01   4.2087202e+01  -7.4446900e+01   7.3797340e+01  -7.0931981e+01   1.0592889e+02  -6.5545663e+01   1.1577573e+02  -6.4188674e+01   1.9859448e-02
   2.0241939e+01  -7.6791174e+01   4.2087202e+01  -7.4446900e+01   7.3879072e+01  -7.1116415e+01   1.0610965e+02  -6.5949101e+01   1.1580256e+02  -6.4485053e+01   1.7319049e-02
   2.0241939e+01  -7.6791174e+01   4.2154187e+01  -7.4662906e+01   7.3884191e+01  -7.1315991e+01   1.0615151e+02  -6.6340738e+01   1.1583148e+02  -6.4878245e+01   1.6163268e-02
   2.0241939e+01  -7.6791174e+01   4.2087947e+01  -7.4543872e+01   7.3887609e+01  -7.1416589e+01   1.0618874e+02  -6.6632303e+01   1.1603505e+02  -6.5476817e+01   1.1618408e-02
   2.0241939e+01  -7.6791174e+01   4.2090184e+01  -7.4644634e+01   7.3776565e+01  -7.1599675e+01   1.0620371e+02  -6.7028387e+01   1.1605045e+02  -6.5872543e+01   7.7901314e-03
   2.0241939e+01  -7.6791174e+01   4.2090184e+01  -7.4644634e+01   7.3896073e+01  -7.1813874e+01   1.0621443e+02  -6.7325000e+01   1.1606292e+02  -6.6169609e+01   7.7878691e-03
   2.0241939e+01  -7.6791174e+01   4.2090934e+01  -7.4741609e+01   7.3972331e+01  -7.1796660e+01   1.0622156e+02  -6.7523061e+01   1.1608408e+02  -6.6361535e+01   5.3936237e-03
   2.0241939e+01  -7.6791174e+01   4.2090934e+01  -7.4741609e+01   7.3902777e+01  -7.2111834e+01   1.0625462e+02  -6.7710550e+01   1.1609889e+02  -6.6754392e+01   3.2236360e-04
   2.0242725e+01  -7.6890348e+01   4.2090934e+01  -7.4741609e+01   7.3902777e+01  -7.2111834e+01   1.0623373e+02  -6.7914209e+01   1.1610319e+02  -6.6854699e+01   7.2568266e-04
   2.0241939e+01  -7.6791174e+01   4.2090934e+01  -7.4741609e+01   7.3978976e+01  -7.2093777e+01   1.0626175e+02  -6.7908368e+01   1.1610661e+02  -6.6952137e+01   1.7533935e-04
   2.0241939e+01  -7.6791174e+01   4.2157180e+01  -7.4860959e+01   7.3982583e+01  -7.2195390e+01   1.0626446e+02  -6.8005512e+01   1.1610976e+02  -6.7049250e+01   9.6338770e-04
   2.0241939e+01  -7.6791174e+01   4.2090934e+01  -7.4741609e+01   7.3980432e+01  -7.2191174e+01   1.0626694e+02  -6.8102322e+01   1.1612104e+02  -6.7041445e+01   1.6611438e-03
