   2.0115448e+01  -7.7034533e+01   4.1832254e+01  -7.4486174e+01   7.3316913e+01  -7.1906900e+01   1.0596415e+02  -6.9668266e+01   1.1585543e+02  -6.9179790e+01   5.7638899e-03
   2.0241939e+01  -7.6791174e+01   4.1832254e+01  -7.4486174e+01   7.3311822e+01  -7.1707263e+01   1.0595703e+02  -6.9470537e+01   1.1583356e+02  -6.8988779e+01   7.9014497e-03
   2.0241939e+01  -7.6791174e+01   4.1832254e+01  -7.4486174e+01   7.3387421e+01  -7.1592050e+01   1.0577435e+02  -6.8964671e+01   1.1563957e+02  -6.8586324e+01   1.1057510e-02
   2.0084624e+01  -7.6914354e+01   4.1830211e+01  -7.4384385e+01   7.3424028e+01  -7.1623247e+01   1.0592858e+02  -6.8679870e+01   1.1562422e+02  -6.8192857e+01   1.5401299e-02
   2.0084624e+01  -7.6914354e+01   4.1832254e+01  -7.4486174e+01   7.3301641e+01  -7.1308067e+01   1.0592350e+02  -6.8578262e+01   1.1561119e+02  -6.7895052e+01   2.2606950e-02
   2.0272957e+01  -7.6910981e+01   4.1829276e+01  -7.4287870e+01   7.3297921e+01  -7.1205654e+01   1.0572165e+02  -6.8282271e+01   1.1560119e+02  -6.7602840e+01   2.3601148e-02
   2.0272957e+01  -7.6910981e+01   4.1829276e+01  -7.4287870e+01   7.3296552e+01  -7.1108508e+01   1.0573380e+02  -6.7876831e+01   1.1558816e+02  -6.7305148e+01   2.5925020e-02
   2.0272957e+01  -7.6910981e+01   4.1829276e+01  -7.4287870e+01   7.3292829e+01  -7.1006114e+01   1.0570745e+02  -6.7887198e+01   1.1556898e+02  -6.7117118e+01   3.1785790e-02
   2.0272360e+01  -7.6811298e+01   4.1829276e+01  -7.4287870e+01   7.3287737e+01  -7.0806601e+01   1.0568817e+02  -6.7390710e+01   1.1554826e+02  -6.6622256e+01   3.2033615e-02
   2.0241939e+01  -7.6791174e+01   4.1761408e+01  -7.4067640e+01   7.3206808e+01  -7.0720924e+01   1.0550600e+02  -6.6888721e+01   1.1533997e+02  -6.6225746e+01   3.5269040e-02
   2.0241939e+01  -7.6791174e+01   4.1826298e+01  -7.4089593e+01   7.3164420e+01  -7.0396363e+01   1.0549692e+02  -6.6595904e+01   1.1533002e+02  -6.5933408e+01   4.1038991e-02
   2.0272957e+01  -7.6910981e+01   4.1760479e+01  -7.3971284e+01   7.3079722e+01  -7.0207887e+01   1.0547767e+02  -6.6100596e+01   1.1530365e+02  -6.5337536e+01   4.2439995e-02
   2.0084624e+01  -7.6914354e+01   4.1760479e+01  -7.3971284e+01   7.3074645e+01  -7.0008478e+01   1.0527637e+02  -6.5805597e+01   1.1510334e+02  -6.4745667e+01   4.7271485e-02
   2.0241939e+01  -7.6791174e+01   4.1758432e+01  -7.3869703e+01   7.3069568e+01  -6.9809094e+01   1.0525715e+02  -6.5310562e+01   1.1508805e+02  -6.4353187e+01   4.9761455e-02
   2.0272957e+01  -7.6910981e+01   4.1758432e+01  -7.3869703e+01   7.3064491e+01  -6.9609736e+01   1.0521803e+02  -6.5018544e+01   1.1506511e+02  -6.3764649e+01   5.4310121e-02
   2.0241939e+01  -7.6791174e+01   4.1757509e+01  -7.3773349e+01   7.3059415e+01  -6.9410404e+01   1.0520389e+02  -6.4624320e+01   1.1485741e+02  -6.3369600e+01   5.7610122e-02
   2.0084624e+01  -7.6914354e+01   4.1757509e+01  -7.3773349e+01   7.3058069e+01  -6.9313316e+01   1.0519487e+02  -6.4331466e+01   1.1484755e+02  -6.3078241e+01   5.8639807e-02
   2.0241939e+01  -7.6791174e+01   4.1755457e+01  -7.3671792e+01   7.3052996e+01  -6.9114017e+01   1.0501364e+02  -6.3835179e+01   1.1481669e+02  -6.2682630e+01   6.0215640e-02
   2.0272957e+01  -7.6910981e+01   4.1754538e+01  -7.3575439e+01   7.2851536e+01  -6.8812248e+01   1.0496912e+02  -6.3440016e+01   1.1461168e+02  -6.1994851e+01   6.3743507e-02
   2.0241269e+01  -7.6696747e+01   4.1754538e+01  -7.3575439e+01   7.2850201e+01  -6.8715179e+01   1.0478638e+02  -6.2849846e+01   1.1440201e+02  -6.1505176e+01   6.7928596e-02
   2.0241939e+01  -7.6791174e+01   4.1754538e+01  -7.3575439e+01   7.2841411e+01  -6.8413818e+01   1.0474861e+02  -6.2650293e+01   1.1438138e+02  -6.1012924e+01   6.9644775e-02
   2.0241939e+01  -7.6791174e+01   4.1625802e+01  -7.3496721e+01   7.2836350e+01  -6.8214641e+01   1.0473453e+02  -6.2256688e+01   1.1418508e+02  -6.0524915e+01   7.1286489e-02
   2.0084624e+01  -7.6914354e+01   4.1625802e+01  -7.3496721e+01   7.2831289e+01  -6.8015491e+01   1.0469986e+02  -6.2061477e+01   1.1433796e+02  -6.0228260e+01   7.2859243e-02
   2.0115448e+01  -7.7034533e+01   4.1625802e+01  -7.3496721e+01   7.2710142e+01  -6.7707080e+01   1.0451417e+02  -6.1467633e+01   1.1412678e+02  -5.9827989e+01   7.5324410e-02
   2.0115448e+01  -7.7034533e+01   4.1623748e+01  -7.3395051e+01   7.2628594e+01  -6.7616964e+01   1.0449477e+02  -6.0973020e+01   1.1392309e+02  -5.9145921e+01   7.8322084e-02
   2.0272957e+01  -7.6910981e+01   4.1622839e+01  -7.3298543e+01   7.2623546e+01  -6.7417892e+01   1.0428858e+02  -6.0577750e+01   1.1390036e+02  -5.8559447e+01   8.3136944e-02
   2.0272957e+01  -7.6910981e+01   4.1622839e+01  -7.3298543e+01   7.2618499e+01  -6.7218845e+01   1.0411437e+02  -6.0189574e+01   1.1387945e+02  -5.8359758e+01   8.5062147e-02
   2.0241939e+01  -7.6791174e+01   4.1620781e+01  -7.3196897e+01   7.2497723e+01  -6.6911820e+01   1.0407195e+02  -5.9795351e+01   1.1366447e+02  -5.7770165e+01   8.7334431e-02
   2.0272957e+01  -7.6910981e+01   4.1620781e+01  -7.3196897e+01   7.2415886e+01  -6.6820538e+01   1.0405982e+02  -5.9498015e+01   1.1346923e+02  -5.7287471e+01   9.0389662e-02
   2.0241939e+01  -7.6791174e+01   4.1619876e+01  -7.3100391e+01   7.2410853e+01  -6.6621569e+01   1.0401216e+02  -5.9001311e+01   1.1343448e+02  -5.6789769e+01   9.3483310e-02
   2.0241939e+01  -7.6791174e+01   4.1554392e+01  -7.2983655e+01   7.2405819e+01  -6.6422626e+01   1.0380406e+02  -5.8510431e+01   1.1321973e+02  -5.6200891e+01   9.8237296e-02
   2.0084624e+01  -7.6914354e+01   4.1617813e+01  -7.2998769e+01   7.2323738e+01  -6.6330485e+01   1.0363212e+02  -5.8220512e+01   1.1321014e+02  -5.5910462e+01   9.9699427e-02
   2.0084624e+01  -7.6914354e+01   4.1551436e+01  -7.2785844e+01   7.2203288e+01  -6.6024538e+01   1.0361303e+02  -5.7727322e+01   1.1318260e+02  -5.5606050e+01   9.8665966e-02
   2.0241345e+01  -7.6691643e+01   4.1616914e+01  -7.2902265e+01   7.2198268e+01  -6.5825672e+01   1.0356999e+02  -5.7329420e+01   1.1296220e+02  -5.4916344e+01   1.0180228e-01
   2.0241939e+01  -7.6791174e+01   4.1551436e+01  -7.2785844e+01   7.2189460e+01  -6.5524638e+01   1.0319458e+02  -5.6742861e+01   1.1276223e+02  -5.4337712e+01   1.0637138e-01
   2.0241939e+01  -7.6791174e+01   4.1549374e+01  -7.2684406e+01   7.2186946e+01  -6.5331063e+01   1.0334486e+02  -5.6441174e+01   1.1273786e+02  -5.4036918e+01   1.0967147e-01
   2.0115448e+01  -7.7034533e+01   4.1549374e+01  -7.2684406e+01   7.2105861e+01  -6.5334415e+01   1.0314584e+02  -5.6242966e+01   1.1254607e+02  -5.3655342e+01   1.0854892e-01
   2.0272957e+01  -7.6910981e+01   4.1423318e+01  -7.2802463e+01   7.2104579e+01  -6.5237307e+01   1.0313890e+02  -5.6046702e+01   1.1252318e+02  -5.3448396e+01   1.0893850e-01
   2.0241939e+01  -7.6791174e+01   4.1548480e+01  -7.2588060e+01   7.1982008e+01  -6.4928068e+01   1.0276417e+02  -5.5462440e+01   1.1230629e+02  -5.2949003e+01   1.0910708e-01
   2.0241939e+01  -7.6791174e+01   4.1420364e+01  -7.2604382e+01   7.1898129e+01  -6.4736988e+01   1.0288212e+02  -5.5054853e+01   1.1208860e+02  -5.2171919e+01   1.1761112e-01
   2.0272957e+01  -7.6910981e+01   4.1420364e+01  -7.2604382e+01   7.1889336e+01  -6.4435746e+01   1.0269950e+02  -5.4473796e+01   1.1187591e+02  -5.1678914e+01   1.1968215e-01
   2.0241939e+01  -7.6791174e+01   4.1419476e+01  -7.2507881e+01   7.1773429e+01  -6.4235158e+01   1.0250070e+02  -5.4275942e+01   1.1186480e+02  -5.1294290e+01   1.2127739e-01
   2.0241939e+01  -7.6791174e+01   4.1545525e+01  -7.2390302e+01   7.1768437e+01  -6.4036525e+01   1.0228970e+02  -5.3781318e+01   1.1147553e+02  -5.0720825e+01   1.2225013e-01
   2.0241939e+01  -7.6791174e+01   4.1417411e+01  -7.2406327e+01   7.1689219e+01  -6.4042740e+01   1.0244415e+02  -5.3576189e+01   1.1164502e+02  -5.0606891e+01   1.2567033e-01
   2.0241939e+01  -7.6791174e+01   4.1417411e+01  -7.2406327e+01   7.1566151e+01  -6.3639094e+01   1.0207572e+02  -5.3096775e+01   1.1141586e+02  -5.0097889e+01   1.2624025e-01
   2.0272957e+01  -7.6910981e+01   4.1417411e+01  -7.2406327e+01   7.1561173e+01  -6.3440538e+01   1.0186488e+02  -5.2602630e+01   1.1119571e+02  -4.9409879e+01   1.3011621e-01
   2.0083955e+01  -7.6819774e+01   4.1416527e+01  -7.2309828e+01   7.1479130e+01  -6.3440734e+01   1.0185114e+02  -5.2211122e+01   1.1101024e+02  -4.9041641e+01   1.3355165e-01
   2.0272957e+01  -7.6910981e+01   4.1416527e+01  -7.2309828e+01   7.1472958e+01  -6.3145197e+01   1.0181443e+02  -5.2097194e+01   1.1081116e+02  -4.8844847e+01   1.3535913e-01
   2.0084624e+01  -7.6914354e+01   4.1349307e+01  -7.2092977e+01   7.1472958e+01  -6.3145197e+01   1.0164425e+02  -5.1723001e+01   1.1078045e+02  -4.8530956e+01   1.3776849e-01
   2.0115448e+01  -7.7034533e+01   4.1413579e+01  -7.2111801e+01   7.1353990e+01  -6.2844796e+01   1.0143359e+02  -5.1229404e+01   1.1074227e+02  -4.8020959e+01   1.3888248e-01
   2.0272360e+01  -7.6811298e+01   4.1348429e+01  -7.1996636e+01   7.1344062e+01  -6.2447919e+01   1.0138946e+02  -5.0918218e+01   1.1035397e+02  -4.7452129e+01   1.4173030e-01
   2.0241939e+01  -7.6791174e+01   4.1411505e+01  -7.2010297e+01   7.1146889e+01  -6.2249297e+01   1.0100955e+02  -5.0053011e+01   1.1011423e+02  -4.6649265e+01   1.4596579e-01
   2.0272957e+01  -7.6910981e+01   4.1346360e+01  -7.1895290e+01   7.1063070e+01  -6.2151036e+01   1.0097168e+02  -4.9936013e+01   1.0992626e+02  -4.6279767e+01   1.4748798e-01
   2.0241939e+01  -7.6791174e+01   4.1346360e+01  -7.1895290e+01   7.1058121e+01  -6.1952368e+01   1.0092688e+02  -4.9622687e+01   1.0991155e+02  -4.5890479e+01   1.5116252e-01
   2.0272957e+01  -7.6910981e+01   4.1345488e+01  -7.1798951e+01   7.1054344e+01  -6.1850391e+01   1.0058714e+02  -4.8972301e+01   1.0950758e+02  -4.5397248e+01   1.5420417e-01
   2.0241939e+01  -7.6791174e+01   4.1343414e+01  -7.1697629e+01   7.0855761e+01  -6.1554909e+01   1.0050888e+02  -4.8639992e+01   1.0945441e+02  -4.4959768e+01   1.5861006e-01
   2.0114861e+01  -7.6934690e+01   4.1342547e+01  -7.1601292e+01   7.0850825e+01  -6.1356319e+01   1.0034081e+02  -4.8271413e+01   1.0926580e+02  -4.4498239e+01   1.6135869e-01
   2.0115448e+01  -7.7034533e+01   4.1216209e+01  -7.1717605e+01   7.0845891e+01  -6.1157754e+01   1.0013569e+02  -4.7878947e+01   1.0905209e+02  -4.3912405e+01   1.6143419e-01
   2.0084624e+01  -7.6914354e+01   4.1216209e+01  -7.1717605e+01   7.0729163e+01  -6.0957295e+01   1.0009120e+02  -4.7658067e+01   1.0902180e+02  -4.3780383e+01   1.6593025e-01
   2.0241939e+01  -7.6791174e+01   4.1340469e+01  -7.1499994e+01   7.0639841e+01  -6.0658657e+01   9.9725658e+01  -4.7094407e+01   1.0864103e+02  -4.3225054e+01   1.6782124e-01
   2.0084624e+01  -7.6914354e+01   4.1214137e+01  -7.1616144e+01   7.0442532e+01  -6.0460012e+01   9.9668308e+01  -4.6576166e+01   1.0822999e+02  -4.2537952e+01   1.7403561e-01
   2.0272957e+01  -7.6910981e+01   4.1211198e+01  -7.1418215e+01   7.0436479e+01  -6.0164952e+01   9.9309179e+01  -4.6115182e+01   1.0818728e+02  -4.1926060e+01   1.7568238e-01
   2.0084624e+01  -7.6914354e+01   4.1211198e+01  -7.1418215e+01   7.0352678e+01  -6.0160256e+01   9.9262162e+01  -4.5796945e+01   1.0780951e+02  -4.1468594e+01   1.7922340e-01
   2.0115448e+01  -7.7034533e+01   4.1211198e+01  -7.1418215e+01   7.0315538e+01  -5.9768118e+01   9.9216405e+01  -4.5572958e+01   1.0795368e+02  -4.1405380e+01   1.7949868e-01
   2.0241345e+01  -7.6691643e+01   4.1145519e+01  -7.1207813e+01   7.0230560e+01  -5.9666233e+01   9.8847989e+01  -4.5006944e+01   1.0739182e+02  -4.0588424e+01   1.8460276e-01
   2.0272957e+01  -7.6910981e+01   4.1016810e+01  -7.1222087e+01   7.0028463e+01  -5.9269426e+01   9.8636393e+01  -4.4419699e+01   1.0732833e+02  -4.0131545e+01   1.9125130e-01
   2.0272957e+01  -7.6910981e+01   4.1208259e+01  -7.1220312e+01   7.0023580e+01  -5.9071139e+01   9.8395503e+01  -4.4002614e+01   1.0695057e+02  -3.9582619e+01   1.9597582e-01
   2.0241939e+01  -7.6791174e+01   4.1016810e+01  -7.1222087e+01   6.9826420e+01  -5.8872731e+01   9.8382157e+01  -4.3611673e+01   1.0691322e+02  -3.9160930e+01   1.9792671e-01
   2.0241939e+01  -7.6791174e+01   4.1015959e+01  -7.1125596e+01   6.9821551e+01  -5.8674496e+01   9.8020966e+01  -4.3150017e+01   1.0653174e+02  -3.8608346e+01   2.0030053e-01
   2.0241939e+01  -7.6791174e+01   4.1140511e+01  -7.0908997e+01   6.9735734e+01  -5.8570860e+01   9.7817482e+01  -4.2853279e+01   1.0632097e+02  -3.8212645e+01   2.0501751e-01
   2.0272957e+01  -7.6910981e+01   4.1013884e+01  -7.1024204e+01   6.9615783e+01  -5.8176062e+01   9.7606302e+01  -4.2267032e+01   1.0608449e+02  -3.7593903e+01   2.0764730e-01
   2.0272957e+01  -7.6910981e+01   4.1013039e+01  -7.0927715e+01   6.9533467e+01  -5.8173753e+01   9.7364290e+01  -4.1847376e+01   1.0568595e+02  -3.7108170e+01   2.1516328e-01
   2.0272957e+01  -7.6910981e+01   4.1010959e+01  -7.0826347e+01   6.9528612e+01  -5.7975302e+01   9.7159584e+01  -4.1455809e+01   1.0564826e+02  -3.6777442e+01   2.1579107e-01
   2.0272957e+01  -7.6910981e+01   4.1013039e+01  -7.0927715e+01   6.9412811e+01  -5.7683444e+01   9.7121459e+01  -4.1426361e+01   1.0544936e+02  -3.6581563e+01   2.1955187e-01
   2.0272957e+01  -7.6910981e+01   4.1010959e+01  -7.0826347e+01   6.9442245e+01  -5.7870485e+01   9.7121459e+01  -4.1426361e+01   1.0561626e+02  -3.6545807e+01   2.1710466e-01
   2.0272957e+01  -7.6910981e+01   4.1010959e+01  -7.0826347e+01   6.9331254e+01  -5.7776759e+01   9.7121459e+01  -4.1426361e+01   1.0544802e+02  -3.6486961e+01   2.1725187e-01
   2.0272957e+01  -7.6910981e+01   4.1010959e+01  -7.0826347e+01   6.9412811e+01  -5.7683444e+01   9.7121459e+01  -4.1426361e+01   1.0561626e+02  -3.6545807e+01   2.1517957e-01
   2.0272957e+01  -7.6910981e+01   4.1013039e+01  -7.0927715e+01   6.9527510e+01  -5.7878597e+01   9.7133175e+01  -4.1721950e+01   1.0565776e+02  -3.6882087e+01   2.1317725e-01
   2.0272957e+01  -7.6910981e+01   4.1013039e+01  -7.0927715e+01   6.9536066e+01  -5.8178495e+01   9.7534980e+01  -4.2215424e+01   1.0603991e+02  -3.7527637e+01   2.0705883e-01
   2.0272957e+01  -7.6910981e+01   4.1013039e+01  -7.0927715e+01   6.9623323e+01  -5.8379585e+01   9.7892822e+01  -4.2672053e+01   1.0627248e+02  -3.8049305e+01   1.9190618e-01
   2.0241939e+01  -7.6791174e+01   4.1013884e+01  -7.1024204e+01   6.9734621e+01  -5.8474138e+01   9.7970842e+01  -4.2732473e+01   1.0647161e+02  -3.8245480e+01   1.8879211e-01
   2.0241939e+01  -7.6791174e+01   4.1015959e+01  -7.1125596e+01   6.9739487e+01  -5.8672660e+01   9.7951945e+01  -4.3196086e+01   1.0648963e+02  -3.8639777e+01   1.8825338e-01
   2.0241939e+01  -7.6791174e+01   4.1142592e+01  -7.1010227e+01   6.9941813e+01  -5.9069921e+01   9.8355895e+01  -4.3785911e+01   1.0690244e+02  -3.9422147e+01   1.7993552e-01
   2.0115448e+01  -7.7034533e+01   4.1018132e+01  -7.1226641e+01   7.0027338e+01  -5.9172837e+01   9.8599274e+01  -4.4299911e+01   1.0732570e+02  -3.9942487e+01   1.7098807e-01
   2.0241939e+01  -7.6791174e+01   4.1016810e+01  -7.1222087e+01   7.0144195e+01  -5.9467295e+01   9.8797761e+01  -4.4496829e+01   1.0733291e+02  -4.0137175e+01   1.6727217e-01
   2.0241939e+01  -7.6791174e+01   4.1018880e+01  -7.1323503e+01   7.0147910e+01  -5.9568880e+01   9.8814557e+01  -4.4892725e+01   1.0771446e+02  -4.0598299e+01   1.6488174e-01
   2.0272957e+01  -7.6910981e+01   4.1210341e+01  -7.1321724e+01   7.0153980e+01  -5.9864625e+01   9.9179654e+01  -4.5454216e+01   1.0775127e+02  -4.1019317e+01   1.5930427e-01
   2.0241939e+01  -7.6791174e+01   4.1083604e+01  -7.1437773e+01   7.0350350e+01  -5.9966405e+01   9.9383566e+01  -4.5751923e+01   1.0813534e+02  -4.1577246e+01   1.5617933e-01
   2.0241939e+01  -7.6791174e+01   4.1211198e+01  -7.1418215e+01   7.0356442e+01  -6.0262216e+01   9.9274025e+01  -4.6092631e+01   1.0817162e+02  -4.1997078e+01   1.4939977e-01
   2.0272957e+01  -7.6910981e+01   4.1211198e+01  -7.1418215e+01   7.0441386e+01  -6.0363387e+01   9.9637774e+01  -4.6559968e+01   1.0855853e+02  -4.2652318e+01   1.4536397e-01
   2.0272957e+01  -7.6910981e+01   4.1213275e+01  -7.1519651e+01   7.0562679e+01  -6.0761619e+01   9.9850071e+01  -4.7149135e+01   1.0861676e+02  -4.3008125e+01   1.4120131e-01
   2.0115448e+01  -7.7034533e+01   4.1213275e+01  -7.1519651e+01   7.0647331e+01  -6.0862070e+01   1.0009313e+02  -4.7567751e+01   1.0900603e+02  -4.3759739e+01   1.3615149e-01
   2.0272957e+01  -7.6910981e+01   4.1214137e+01  -7.1616144e+01   7.0761531e+01  -6.1057740e+01   1.0010171e+02  -4.7859052e+01   1.0903363e+02  -4.3981103e+01   1.3307328e-01
   2.0272957e+01  -7.6910981e+01   4.1342547e+01  -7.1601292e+01   7.0849614e+01  -6.1259349e+01   1.0042836e+02  -4.8209802e+01   1.0941070e+02  -4.4253785e+01   1.3204846e-01
   2.0272360e+01  -7.6811298e+01   4.1342547e+01  -7.1601292e+01   7.0854547e+01  -6.1457932e+01   1.0048366e+02  -4.8726389e+01   1.0963503e+02  -4.5041025e+01   1.2772822e-01
   2.0084624e+01  -7.6914354e+01   4.1343414e+01  -7.1697629e+01   7.1056899e+01  -6.1855377e+01   1.0089065e+02  -4.9414220e+01   1.0985438e+02  -4.5820631e+01   1.2058214e-01
   2.0115448e+01  -7.7034533e+01   4.1345488e+01  -7.1798951e+01   7.1061846e+01  -6.2054038e+01   1.0093741e+02  -4.9824019e+01   1.0990569e+02  -4.6162491e+01   1.1766311e-01
   2.0272957e+01  -7.6910981e+01   4.1345488e+01  -7.1798951e+01   7.1259306e+01  -6.2252936e+01   1.0114808e+02  -5.0318045e+01   1.1030049e+02  -4.6924460e+01   1.1687066e-01
   2.0272957e+01  -7.6910981e+01   4.1346360e+01  -7.1895290e+01   7.1267941e+01  -6.2553046e+01   1.0136070e+02  -5.0908041e+01   1.1051504e+02  -4.7512611e+01   1.0988322e-01
   2.0272957e+01  -7.6910981e+01   4.1348429e+01  -7.1996636e+01   7.1274186e+01  -6.2849152e+01   1.0172872e+02  -5.1384688e+01   1.1072733e+02  -4.8005422e+01   1.0548341e-01
   2.0241939e+01  -7.6791174e+01   4.1413579e+01  -7.2111801e+01   7.1471714e+01  -6.3048165e+01   1.0194189e+02  -5.1976090e+01   1.1094443e+02  -4.8689737e+01   1.0260820e-01
   2.0241939e+01  -7.6791174e+01   4.1413579e+01  -7.2111801e+01   7.1477934e+01  -6.3344021e+01   1.0179998e+02  -5.2481517e+01   1.1115927e+02  -4.9278711e+01   9.9310261e-02
   2.0272957e+01  -7.6910981e+01   4.1416527e+01  -7.2309828e+01   7.1486636e+01  -6.3644692e+01   1.0219836e+02  -5.2877795e+01   1.1137181e+02  -4.9772226e+01   9.5707500e-02
   2.0272957e+01  -7.6910981e+01   4.1416527e+01  -7.2309828e+01   7.1680499e+01  -6.3741978e+01   1.0220720e+02  -5.3170132e+01   1.1139891e+02  -5.0080964e+01   9.4229224e-02
   2.0241939e+01  -7.6791174e+01   4.1416527e+01  -7.2309828e+01   7.1687907e+01  -6.3945343e+01   1.0241835e+02  -5.3665490e+01   1.1161385e+02  -5.0578343e+01   9.1422709e-02
   2.0272957e+01  -7.6910981e+01   4.1419476e+01  -7.2507881e+01   7.1810217e+01  -6.4442932e+01   1.0263153e+02  -5.4257014e+01   1.1201216e+02  -5.1441367e+01   8.4398785e-02
   2.0115448e+01  -7.7034533e+01   4.1419476e+01  -7.2507881e+01   7.1813951e+01  -6.4544992e+01   1.0267408e+02  -5.4564389e+01   1.1202712e+02  -5.1833384e+01   8.3259761e-02
   2.0241939e+01  -7.6791174e+01   4.1419476e+01  -7.2507881e+01   7.1901860e+01  -6.4838925e+01   1.0285868e+02  -5.5242244e+01   1.1206874e+02  -5.2439847e+01   8.2360857e-02
   2.0272957e+01  -7.6910981e+01   4.1422425e+01  -7.2705960e+01   7.2021963e+01  -6.5143275e+01   1.0307208e+02  -5.5834467e+01   1.1246544e+02  -5.3210737e+01   7.7949405e-02
   2.0084624e+01  -7.6914354e+01   4.1422425e+01  -7.2705960e+01   7.2105861e+01  -6.5334415e+01   1.0311606e+02  -5.6235718e+01   1.1268101e+02  -5.3801806e+01   7.3729573e-02
   2.0115448e+01  -7.7034533e+01   4.1422425e+01  -7.2705960e+01   7.2109594e+01  -6.5436409e+01   1.0312795e+02  -5.6532972e+01   1.1270675e+02  -5.4014036e+01   7.1597956e-02
   2.0272957e+01  -7.6910981e+01   4.1422425e+01  -7.2705960e+01   7.2114610e+01  -6.5635536e+01   1.0349693e+02  -5.6923315e+01   1.1291459e+02  -5.4408485e+01   6.8275871e-02
   2.0241939e+01  -7.6791174e+01   4.1425374e+01  -7.2904065e+01   7.2317412e+01  -6.6034138e+01   1.0368561e+02  -5.7703574e+01   1.1293973e+02  -5.5092800e+01   6.6612982e-02
   2.0241345e+01  -7.6691643e+01   4.1616914e+01  -7.2902265e+01   7.2322441e+01  -6.6233344e+01   1.0356150e+02  -5.7913807e+01   1.1315523e+02  -5.5683829e+01   6.2364282e-02
   2.0241939e+01  -7.6791174e+01   4.1425374e+01  -7.2904065e+01   7.2327471e+01  -6.6432575e+01   1.0376302e+02  -5.8208644e+01   1.1335804e+02  -5.5978238e+01   5.8503315e-02
   2.0272957e+01  -7.6910981e+01   4.1617813e+01  -7.2998769e+01   7.2327471e+01  -6.6432575e+01   1.0377495e+02  -5.8506317e+01   1.1319041e+02  -5.6185057e+01   5.9594612e-02
   2.0241939e+01  -7.6791174e+01   4.1554392e+01  -7.2983655e+01   7.2332501e+01  -6.6631833e+01   1.0395237e+02  -5.8898317e+01   1.1339093e+02  -5.6768195e+01   6.0700553e-02
   2.0272957e+01  -7.6910981e+01   4.1619876e+01  -7.3100391e+01   7.2535397e+01  -6.7030706e+01   1.0399549e+02  -5.9296069e+01   1.1360169e+02  -5.7259607e+01   5.4157637e-02
   2.0241939e+01  -7.6791174e+01   4.1619876e+01  -7.3100391e+01   7.2535397e+01  -6.7030706e+01   1.0420684e+02  -5.9792763e+01   1.1381490e+02  -5.7755500e+01   5.2265131e-02
   2.0115448e+01  -7.7034533e+01   4.1622839e+01  -7.3298543e+01   7.2545485e+01  -6.7429403e+01   1.0438964e+02  -6.0380337e+01   1.1384925e+02  -5.8254351e+01   4.9710430e-02
   2.0272957e+01  -7.6910981e+01   4.1622839e+01  -7.3298543e+01   7.2627277e+01  -6.7519935e+01   1.0443202e+02  -6.0775949e+01   1.1405626e+02  -5.9033940e+01   4.6674830e-02
   2.0115448e+01  -7.7034533e+01   4.1623748e+01  -7.3395051e+01   7.2748463e+01  -6.7828496e+01   1.0461294e+02  -6.1268754e+01   1.1407754e+02  -5.9234191e+01   4.4172195e-02
   2.0272957e+01  -7.6910981e+01   4.1625802e+01  -7.3496721e+01   7.2753521e+01  -6.8027936e+01   1.0448883e+02  -6.1472798e+01   1.1428488e+02  -5.9924106e+01   4.1921666e-02
   2.0241939e+01  -7.6791174e+01   4.1625802e+01  -7.3496721e+01   7.2758579e+01  -6.8227402e+01   1.0466702e+02  -6.1961642e+01   1.1431106e+02  -6.0223858e+01   3.9049071e-02
   2.0115448e+01  -7.7034533e+01   4.1625802e+01  -7.3496721e+01   7.2843752e+01  -6.8418544e+01   1.0485331e+02  -6.2557943e+01   1.1451631e+02  -6.0911190e+01   3.7162544e-02
   2.0241939e+01  -7.6791174e+01   4.1627952e+01  -7.3598033e+01   7.2768696e+01  -6.8626411e+01   1.0489299e+02  -6.2854519e+01   1.1454220e+02  -6.1209664e+01   3.3468183e-02
   2.0115448e+01  -7.7034533e+01   4.1628766e+01  -7.3694926e+01   7.2850201e+01  -6.8715179e+01   1.0490005e+02  -6.3051990e+01   1.1455253e+02  -6.1502605e+01   3.3652172e-02
   2.0272957e+01  -7.6910981e+01   4.1628766e+01  -7.3694926e+01   7.2860323e+01  -6.9113701e+01   1.0511634e+02  -6.3743133e+01   1.1477106e+02  -6.2191616e+01   3.0411374e-02
   2.0241939e+01  -7.6791174e+01   4.1631730e+01  -7.3893157e+01   7.2980525e+01  -6.9327441e+01   1.0512832e+02  -6.4041949e+01   1.1478876e+02  -6.2589871e+01   2.4433145e-02
   2.0241939e+01  -7.6791174e+01   4.1631730e+01  -7.3893157e+01   7.2985596e+01  -6.9527081e+01   1.0514246e+02  -6.4437227e+01   1.1481167e+02  -6.3180602e+01   2.2572436e-02
   2.0241939e+01  -7.6791174e+01   4.1631730e+01  -7.3893157e+01   7.2990667e+01  -6.9726747e+01   1.0518175e+02  -6.4730893e+01   1.1483231e+02  -6.3375211e+01   2.1365732e-02
   2.0241939e+01  -7.6791174e+01   4.1759655e+01  -7.3874546e+01   7.2995739e+01  -6.9926439e+01   1.0536382e+02  -6.5230362e+01   1.1503831e+02  -6.4067816e+01   1.9617000e-02
   2.0241939e+01  -7.6791174e+01   4.1760479e+01  -7.3971284e+01   7.3078368e+01  -7.0110774e+01   1.0538265e+02  -6.5726974e+01   1.1525465e+02  -6.4661981e+01   1.8359548e-02
   2.0084624e+01  -7.6914354e+01   4.1760479e+01  -7.3971284e+01   7.3198938e+01  -7.0326218e+01   1.0556069e+02  -6.6127860e+01   1.1526232e+02  -6.4859141e+01   1.3789087e-02
   2.0241939e+01  -7.6791174e+01   4.1760479e+01  -7.3971284e+01   7.3200358e+01  -7.0423860e+01   1.0542628e+02  -6.6211982e+01   1.1527485e+02  -6.5157040e+01   1.0818808e-02
   2.0115448e+01  -7.7034533e+01   4.1760479e+01  -7.3971284e+01   7.3205445e+01  -7.0623638e+01   1.0560660e+02  -6.6617695e+01   1.1548364e+02  -6.5554408e+01   9.0518393e-03
   2.0084624e+01  -7.6914354e+01   4.1763450e+01  -7.4169246e+01   7.3210533e+01  -7.0823442e+01   1.0561836e+02  -6.6916762e+01   1.1550183e+02  -6.6045541e+01   9.6016824e-03
   2.0241939e+01  -7.6791174e+01   4.1763450e+01  -7.4169246e+01   7.3215622e+01  -7.1023271e+01   1.0582113e+02  -6.7214024e+01   1.1551719e+02  -6.6440246e+01   3.7494501e-03
   2.0084624e+01  -7.6914354e+01   4.1763450e+01  -7.4169246e+01   7.3295123e+01  -7.1010998e+01   1.0583536e+02  -6.7610136e+01   1.1571426e+02  -6.6845537e+01   3.2210255e-03
   2.0241939e+01  -7.6791174e+01   4.1765587e+01  -7.4270490e+01   7.3296552e+01  -7.1108508e+01   1.0584472e+02  -6.7904831e+01   1.1573382e+02  -6.7035462e+01   2.1182526e-03
   2.0272957e+01  -7.6910981e+01   4.1765587e+01  -7.4270490e+01   7.3300211e+01  -7.1210549e+01   1.0584959e+02  -6.8006349e+01   1.1574151e+02  -6.7232933e+01   4.8122993e-04
   2.0241939e+01  -7.6791174e+01   4.1763450e+01  -7.4169246e+01   7.3300211e+01  -7.1210549e+01   1.0584959e+02  -6.8006349e+01   1.1574151e+02  -6.7232933e+01  -6.0256120e-04
   2.0241939e+01  -7.6791174e+01   4.1765587e+01  -7.4270490e+01   7.3301641e+01  -7.1308067e+01   1.0585184e+02  -6.8102961e+01   1.1574151e+02  -6.7232933e+01   1.1167404e-04
   2.0272957e+01  -7.6910981e+01   4.1765587e+01  -7.4270490e+01   7.3301641e+01  -7.1308067e+01   1.0587603e+02  -6.7996111e+01   1.1574411e+02  -6.7329241e+01  -8.3993938e-04
   2.0241939e+01  -7.6791174e+01   4.1829276e+01  -7.4287870e+01   7.3301641e+01  -7.1308067e+01   1.0568790e+02  -6.8095086e+01   1.1574921e+02  -6.7430429e+01   5.5788908e-04
   2.0272957e+01  -7.6910981e+01   4.1766421e+01  -7.4367234e+01   7.3301641e+01  -7.1308067e+01   1.0585671e+02  -6.8204493e+01   1.1574921e+02  -6.7430429e+01  -6.3728999e-04
   2.0272957e+01  -7.6910981e+01   4.1766421e+01  -7.4367234e+01   7.3301641e+01  -7.1308067e+01   1.0585671e+02  -6.8204493e+01   1.1575181e+02  -6.7526749e+01  -1.2889205e-03
   2.0241939e+01  -7.6791174e+01   4.1765587e+01  -7.4270490e+01   7.3301641e+01  -7.1308067e+01   1.0585896e+02  -6.8301116e+01   1.1575181e+02  -6.7526749e+01  -1.0048432e-03
   2.0241939e+01  -7.6791174e+01   4.1832254e+01  -7.4486174e+01   7.3301641e+01  -7.1308067e+01   1.0585896e+02  -6.8301116e+01   1.1575181e+02  -6.7526749e+01   4.8992964e-04
   2.0084624e+01  -7.6914354e+01   4.1765587e+01  -7.4270490e+01   7.3418926e+01  -7.1423339e+01   1.0585896e+02  -6.8301116e+01   1.1575691e+02  -6.7627949e+01  -9.5574907e-04
   2.0272957e+01  -7.6910981e+01   4.1766421e+01  -7.4367234e+01   7.3301641e+01  -7.1308067e+01   1.0585896e+02  -6.8301116e+01   1.1575691e+02  -6.7627949e+01  -3.6725433e-03
   2.0241939e+01  -7.6791174e+01   4.1765587e+01  -7.4270490e+01   7.3301641e+01  -7.1308067e+01   1.0588314e+02  -6.8193953e+01   1.1575691e+02  -6.7627949e+01  -8.7634252e-04
   2.0272957e+01  -7.6910981e+01   4.1765587e+01  -7.4270490e+01   7.3301641e+01  -7.1308067e+01   1.0588314e+02  -6.8193953e+01   1.1575691e+02  -6.7627949e+01  -1.4158250e-03
   2.0084624e+01  -7.6914354e+01   4.1766421e+01  -7.4367234e+01   7.3301641e+01  -7.1308067e+01   1.0586382e+02  -6.8402662e+01   1.1575691e+02  -6.7627949e+01   2.4157252e-04
   2.0272957e+01  -7.6910981e+01   4.1831418e+01  -7.4389272e+01   7.3301641e+01  -7.1308067e+01   1.0588801e+02  -6.8295342e+01   1.1575691e+02  -6.7627949e+01  -5.7623682e-04
   2.0242725e+01  -7.6890348e+01   4.1766421e+01  -7.4367234e+01   7.3303013e+01  -7.1405219e+01   1.0588801e+02  -6.8295342e+01   1.1575691e+02  -6.7627949e+01   2.6997671e-06
   2.0241939e+01  -7.6791174e+01   4.1831418e+01  -7.4389272e+01   7.3301641e+01  -7.1308067e+01   1.0585896e+02  -6.8301116e+01   1.1575691e+02  -6.7627949e+01   1.9256218e-03
   2.0084624e+01  -7.6914354e+01   4.1830211e+01  -7.4384385e+01   7.3301641e+01  -7.1308067e+01   1.0588314e+02  -6.8193953e+01   1.1575181e+02  -6.7526749e+01   3.6787313e-05
   2.0241939e+01  -7.6791174e+01   4.1766421e+01  -7.4367234e+01   7.3301641e+01  -7.1308067e+01   1.0587603e+02  -6.7996111e+01   1.1574411e+02  -6.7329241e+01   1.8982890e-03
   2.0272957e+01  -7.6910981e+01   4.1765587e+01  -7.4270490e+01   7.3296552e+01  -7.1108508e+01   1.0583760e+02  -6.7706726e+01   1.1554671e+02  -6.6923015e+01   8.8520337e-03
   2.0272957e+01  -7.6910981e+01   4.1829276e+01  -7.4287870e+01   7.3291462e+01  -7.0908975e+01   1.0565664e+02  -6.7298697e+01   1.1553134e+02  -6.6528783e+01   1.0571861e-02
   2.0241939e+01  -7.6791174e+01   4.1763450e+01  -7.4169246e+01   7.3210533e+01  -7.0823442e+01   1.0564244e+02  -6.6903280e+01   1.1549900e+02  -6.6040341e+01   1.7323623e-02
   2.0272957e+01  -7.6910981e+01   4.1760479e+01  -7.3971284e+01   7.3205445e+01  -7.0623638e+01   1.0560882e+02  -6.6714227e+01   1.1548133e+02  -6.5549862e+01   2.1117989e-02
   2.0272957e+01  -7.6910981e+01   4.1760479e+01  -7.3971284e+01   7.3200358e+01  -7.0423860e+01   1.0558951e+02  -6.6216627e+01   1.1527674e+02  -6.4949952e+01   2.8618036e-02
   2.0241939e+01  -7.6791174e+01   4.1760479e+01  -7.3971284e+01   7.3078368e+01  -7.0110774e+01   1.0540502e+02  -6.5619315e+01   1.1525572e+02  -6.4454738e+01   3.1276676e-02
   2.0241939e+01  -7.6791174e+01   4.1760479e+01  -7.3971284e+01   7.3069568e+01  -6.9809094e+01   1.0536090e+02  -6.5225164e+01   1.1503967e+02  -6.3861548e+01   3.4972354e-02
   2.0115448e+01  -7.7034533e+01   4.1758432e+01  -7.3869703e+01   7.3068218e+01  -6.9711993e+01   1.0535184e+02  -6.4931302e+01   1.1502780e+02  -6.3473922e+01   4.0523518e-02
   2.0241939e+01  -7.6791174e+01   4.1757509e+01  -7.3773349e+01   7.2983274e+01  -6.9522293e+01   1.0515760e+02  -6.4133625e+01   1.1480646e+02  -6.2780116e+01   4.2493239e-02
   2.0241939e+01  -7.6791174e+01   4.1754538e+01  -7.3575439e+01   7.2976856e+01  -6.9225424e+01   1.0494373e+02  -6.3539543e+01   1.1478354e+02  -6.2190421e+01   5.1821841e-02
   2.0084624e+01  -7.6914354e+01   4.1754538e+01  -7.3575439e+01   7.2856598e+01  -6.9011502e+01   1.0494179e+02  -6.3443663e+01   1.1477370e+02  -6.1898395e+01   5.1068371e-02
   2.0272957e+01  -7.6910981e+01   4.1754538e+01  -7.3575439e+01   7.2851536e+01  -6.8812248e+01   1.0492768e+02  -6.3049248e+01   1.1438008e+02  -6.1398778e+01   5.5286122e-02
   2.0241939e+01  -7.6791174e+01   4.1628766e+01  -7.3694926e+01   7.2842684e+01  -6.8510521e+01   1.0488295e+02  -6.2651928e+01   1.1453726e+02  -6.0812640e+01   5.6748558e-02
   2.0084624e+01  -7.6914354e+01   4.1626716e+01  -7.3593231e+01   7.2759907e+01  -6.8324610e+01   1.0452288e+02  -6.1759645e+01   1.1431592e+02  -6.0119900e+01   6.2196186e-02
   2.0241939e+01  -7.6791174e+01   4.1625802e+01  -7.3496721e+01   7.2637369e+01  -6.7918145e+01   1.0465293e+02  -6.1567014e+01   1.1410611e+02  -5.9629746e+01   6.5289066e-02
   2.0272957e+01  -7.6910981e+01   4.1560305e+01  -7.3379354e+01   7.2633642e+01  -6.7816063e+01   1.0446706e+02  -6.0973234e+01   1.1390764e+02  -5.9047664e+01   6.9325322e-02
   2.0241939e+01  -7.6791174e+01   4.1557348e+01  -7.3181491e+01   7.2628594e+01  -6.7616964e+01   1.0428858e+02  -6.0577750e+01   1.1388130e+02  -5.8454623e+01   7.2735778e-02
   2.0272957e+01  -7.6910981e+01   4.1557348e+01  -7.3181491e+01   7.2502759e+01  -6.7110521e+01   1.0423562e+02  -5.9980640e+01   1.1365449e+02  -5.7954986e+01   7.6829094e-02
   2.0272957e+01  -7.6910981e+01   4.1622839e+01  -7.3298543e+01   7.2497723e+01  -6.6911820e+01   1.0405982e+02  -5.9498015e+01   1.1344959e+02  -5.7180848e+01   8.0118923e-02
   2.0241939e+01  -7.6791174e+01   4.1554392e+01  -7.2983655e+01   7.2531662e+01  -6.6928558e+01   1.0401216e+02  -5.9001311e+01   1.1343448e+02  -5.6789769e+01   8.4946661e-02
   2.0241939e+01  -7.6791174e+01   4.1554392e+01  -7.2983655e+01   7.2405819e+01  -6.6422626e+01   1.0380406e+02  -5.8510431e+01   1.1338747e+02  -5.6378411e+01   8.6981330e-02
   2.0241939e+01  -7.6791174e+01   4.1554392e+01  -7.2983655e+01   7.2324981e+01  -6.6427285e+01   1.0362515e+02  -5.8024283e+01   1.1319014e+02  -5.5801717e+01   8.8241316e-02
   2.0241939e+01  -7.6791174e+01   4.1552334e+01  -7.2882192e+01   7.2204525e+01  -6.6121174e+01   1.0357878e+02  -5.7621426e+01   1.1297151e+02  -5.5206750e+01   9.2559568e-02
   2.0084624e+01  -7.6914354e+01   4.1551436e+01  -7.2785844e+01   7.2198268e+01  -6.5825672e+01   1.0336574e+02  -5.7030205e+01   1.1277550e+02  -5.4633467e+01   9.6489016e-02
   2.0241939e+01  -7.6791174e+01   4.1551436e+01  -7.2785844e+01   7.2193249e+01  -6.5626833e+01   1.0319458e+02  -5.6742861e+01   1.1256857e+02  -5.4240732e+01   9.8585117e-02
   2.0241939e+01  -7.6791174e+01   4.1551436e+01  -7.2785844e+01   7.2073213e+01  -6.5322578e+01   1.0315279e+02  -5.6439254e+01   1.1253818e+02  -5.3839170e+01   9.8695858e-02
   2.0084624e+01  -7.6914354e+01   4.1551436e+01  -7.2785844e+01   7.1990800e+01  -6.5228964e+01   1.0313890e+02  -5.6046702e+01   1.1251767e+02  -5.3348045e+01   1.0050965e-01
   2.0241939e+01  -7.6791174e+01   4.1548480e+01  -7.2588060e+01   7.1982008e+01  -6.4928068e+01   1.0295585e+02  -5.5464317e+01   1.1230481e+02  -5.2854553e+01   1.0641645e-01
   2.0272957e+01  -7.6910981e+01   4.1422425e+01  -7.2705960e+01   7.1977001e+01  -6.4729352e+01   1.0274877e+02  -5.4975750e+01   1.1208429e+02  -5.2165824e+01   1.0978509e-01
   2.0241939e+01  -7.6791174e+01   4.1419476e+01  -7.2507881e+01   7.1896858e+01  -6.4639901e+01   1.0270642e+02  -5.4669849e+01   1.1205379e+02  -5.1761628e+01   1.1247540e-01
   2.0241939e+01  -7.6791174e+01   4.1419476e+01  -7.2507881e+01   7.1778420e+01  -6.4433816e+01   1.0250070e+02  -5.4275942e+01   1.1186675e+02  -5.1389175e+01   1.1408347e-01
   2.0241939e+01  -7.6791174e+01   4.1419476e+01  -7.2507881e+01   7.1773429e+01  -6.4235158e+01   1.0249204e+02  -5.3984565e+01   1.1165992e+02  -5.0996894e+01   1.1818624e-01
   2.0084624e+01  -7.6914354e+01   4.1419476e+01  -7.2507881e+01   7.1768437e+01  -6.4036525e+01   1.0228280e+02  -5.3585391e+01   1.1162455e+02  -5.0585203e+01   1.1919466e-01
   2.0241939e+01  -7.6791174e+01   4.1417411e+01  -7.2406327e+01   7.1571129e+01  -6.3837674e+01   1.0226901e+02  -5.3193613e+01   1.1143252e+02  -5.0114515e+01   1.2158881e-01
   2.0241939e+01  -7.6791174e+01   4.1416527e+01  -7.2309828e+01   7.1562371e+01  -6.3537100e+01   1.0205659e+02  -5.2604375e+01   1.1119571e+02  -4.9409879e+01   1.2676777e-01
   2.0115448e+01  -7.7034533e+01   4.1351371e+01  -7.2194347e+01   7.1557391e+01  -6.3338565e+01   1.0185114e+02  -5.2211122e+01   1.1099464e+02  -4.9118064e+01   1.2891652e-01
   2.0241939e+01  -7.6791174e+01   4.1351371e+01  -7.2194347e+01   7.1477934e+01  -6.3344021e+01   1.0181292e+02  -5.2002033e+01   1.1080376e+02  -4.8650133e+01   1.2918840e-01
   2.0241939e+01  -7.6791174e+01   4.1349307e+01  -7.2092977e+01   7.1355178e+01  -6.2941340e+01   1.0144579e+02  -5.1525652e+01   1.1076726e+02  -4.8235651e+01   1.3187550e-01
   2.0241939e+01  -7.6791174e+01   4.1348429e+01  -7.1996636e+01   7.1148067e+01  -6.2345824e+01   1.0118395e+02  -5.0524914e+01   1.1033318e+02  -4.6962060e+01   1.3819501e-01
   2.0241939e+01  -7.6791174e+01   4.1346360e+01  -7.1895290e+01   7.1146889e+01  -6.2249297e+01   1.0100955e+02  -5.0053011e+01   1.1013112e+02  -4.6576548e+01   1.4394721e-01
   2.0272957e+01  -7.6910981e+01   4.1346360e+01  -7.1895290e+01   7.1141938e+01  -6.2050923e+01   1.0097168e+02  -4.9936013e+01   1.1010107e+02  -4.6353933e+01   1.4489620e-01
   2.0241939e+01  -7.6791174e+01   4.1345488e+01  -7.1798951e+01   7.1059295e+01  -6.2049040e+01   1.0079768e+02  -4.9465214e+01   1.0989436e+02  -4.5962133e+01   1.4753201e-01
   2.0211016e+01  -7.6671726e+01   4.1343414e+01  -7.1697629e+01   7.0936098e+01  -6.1552248e+01   1.0071443e+02  -4.9033293e+01   1.0967302e+02  -4.5180784e+01   1.5277242e-01
   2.0241939e+01  -7.6791174e+01   4.1343414e+01  -7.1697629e+01   7.0929996e+01  -6.1257474e+01   1.0017615e+02  -4.8093692e+01   1.0926130e+02  -4.4492425e+01   1.5557869e-01
   2.0241939e+01  -7.6791174e+01   4.1342547e+01  -7.1601292e+01   7.0732931e+01  -6.1059030e+01   1.0014084e+02  -4.7979185e+01   1.0905940e+02  -4.4107057e+01   1.5936139e-01
   2.0084624e+01  -7.6914354e+01   4.1340469e+01  -7.1499994e+01   7.0729163e+01  -6.0957295e+01   1.0009120e+02  -4.7658067e+01   1.0886727e+02  -4.3642056e+01   1.6168636e-01
   2.0272957e+01  -7.6910981e+01   4.1214137e+01  -7.1616144e+01   7.0640946e+01  -6.0754974e+01   9.9759928e+01  -4.7115181e+01   1.0864103e+02  -4.3225054e+01   1.6631365e-01
   2.0241939e+01  -7.6791174e+01   4.1148446e+01  -7.1405425e+01   7.0442532e+01  -6.0460012e+01   9.9668308e+01  -4.6576166e+01   1.0842031e+02  -4.2445401e+01   1.7107389e-01
   2.0241345e+01  -7.6691643e+01   4.1148446e+01  -7.1405425e+01   7.0436479e+01  -6.0164952e+01   9.9302462e+01  -4.5920003e+01   1.0801400e+02  -4.1764453e+01   1.7488241e-01
   2.0084624e+01  -7.6914354e+01   4.1146375e+01  -7.1304148e+01   7.0235457e+01  -5.9864597e+01   9.9092377e+01  -4.5428043e+01   1.0779505e+02  -4.1080068e+01   1.8072572e-01
   2.0241939e+01  -7.6791174e+01   4.1210341e+01  -7.1321724e+01   7.0229427e+01  -5.9569633e+01   9.9005545e+01  -4.5079428e+01   1.0756138e+02  -4.0559264e+01   1.8568352e-01
   2.0241939e+01  -7.6791174e+01   4.1145519e+01  -7.1207813e+01   7.0033347e+01  -5.9467738e+01   9.8840118e+01  -4.4716887e+01   1.0736252e+02  -4.0363231e+01   1.8792906e-01
   2.0242725e+01  -7.6890348e+01   4.1143443e+01  -7.1106560e+01   7.0023580e+01  -5.9071139e+01   9.8431564e+01  -4.4027901e+01   1.0711579e+02  -3.9640246e+01   1.9107290e-01
   2.0241939e+01  -7.6791174e+01   4.1142592e+01  -7.1010227e+01   6.9826420e+01  -5.8872731e+01   9.8064147e+01  -4.3371349e+01   1.0656815e+02  -3.8935761e+01   1.9758682e-01
   2.0241939e+01  -7.6791174e+01   4.1015959e+01  -7.1125596e+01   6.9740602e+01  -5.8769389e+01   9.7978811e+01  -4.3022844e+01   1.0650241e+02  -3.8474454e+01   1.9978658e-01
   2.0241939e+01  -7.6791174e+01   4.1013884e+01  -7.1024204e+01   6.9619575e+01  -5.8277967e+01   9.7618415e+01  -4.2562333e+01   1.0609762e+02  -3.7888283e+01   2.0391528e-01
   2.0241939e+01  -7.6791174e+01   4.1013039e+01  -7.0927715e+01   6.9614719e+01  -5.8079809e+01   9.7561136e+01  -4.1948847e+01   1.0588462e+02  -3.7303856e+01   2.1127766e-01
   2.0272957e+01  -7.6910981e+01   4.1010959e+01  -7.0826347e+01   6.9417654e+01  -5.7881550e+01   9.7321148e+01  -4.1718160e+01   1.0564939e+02  -3.6871872e+01   2.1721812e-01
   2.0272957e+01  -7.6910981e+01   4.1010959e+01  -7.0826347e+01   6.9412811e+01  -5.7683444e+01   9.7122751e+01  -4.1521472e+01   1.0547312e+02  -3.6524120e+01   2.1756692e-01
   2.0084624e+01  -7.6914354e+01   4.1010959e+01  -7.0826347e+01   6.9412811e+01  -5.7683444e+01   9.7116153e+01  -4.1326037e+01   1.0527456e+02  -3.6328586e+01   2.1714629e-01
   2.0241939e+01  -7.6791174e+01   4.1010959e+01  -7.0826347e+01   6.9411715e+01  -5.7586903e+01   9.7114862e+01  -4.1230935e+01   1.0527322e+02  -3.6234145e+01   2.1776331e-01
   2.0241939e+01  -7.6791174e+01   4.1010959e+01  -7.0826347e+01   6.9331254e+01  -5.7776759e+01   9.7119987e+01  -4.1331043e+01   1.0544645e+02  -3.6392181e+01   2.1557106e-01
   2.0272957e+01  -7.6910981e+01   4.1013039e+01  -7.0927715e+01   6.9416555e+01  -5.7785003e+01   9.7131519e+01  -4.1626407e+01   1.0562712e+02  -3.6745341e+01   2.1257925e-01
   2.0272957e+01  -7.6910981e+01   4.1013039e+01  -7.0927715e+01   6.9537214e+01  -5.8275513e+01   9.7534980e+01  -4.2215424e+01   1.0606284e+02  -3.7468648e+01   1.9623122e-01
   2.0241939e+01  -7.6791174e+01   4.1013039e+01  -7.0927715e+01   6.9734621e+01  -5.8474138e+01   9.7904612e+01  -4.2968388e+01   1.0644767e+02  -3.8210654e+01   1.8560226e-01
   2.0241939e+01  -7.6791174e+01   4.1015216e+01  -7.1028737e+01   6.9739487e+01  -5.8672660e+01   9.7946998e+01  -4.3096031e+01   1.0648432e+02  -3.8540093e+01   1.8495687e-01
   2.0272957e+01  -7.6910981e+01   4.1013884e+01  -7.1024204e+01   6.9740602e+01  -5.8769389e+01   9.7990777e+01  -4.3318564e+01   1.0668514e+02  -3.8831275e+01   1.7990149e-01
   2.0272957e+01  -7.6910981e+01   4.1015959e+01  -7.1125596e+01   6.9946693e+01  -5.9268521e+01   9.8597736e+01  -4.4204596e+01   1.0730112e+02  -3.9815085e+01   1.7043815e-01
   2.0241939e+01  -7.6791174e+01   4.1016810e+01  -7.1222087e+01   7.0032219e+01  -5.9371143e+01   9.8766759e+01  -4.4571927e+01   1.0733657e+02  -4.0142004e+01   1.6244111e-01
   2.0272957e+01  -7.6910981e+01   4.1145519e+01  -7.1207813e+01   7.0149087e+01  -5.9665947e+01   9.8816297e+01  -4.4988302e+01   1.0772169e+02  -4.0793382e+01   1.5908723e-01
   2.0115448e+01  -7.7034533e+01   4.1210341e+01  -7.1321724e+01   7.0153980e+01  -5.9864625e+01   9.9184615e+01  -4.5554469e+01   1.0792848e+02  -4.1185247e+01   1.5574069e-01
   2.0115448e+01  -7.7034533e+01   4.1210341e+01  -7.1321724e+01   7.0355254e+01  -6.0165128e+01   9.9268881e+01  -4.5992407e+01   1.0816968e+02  -4.1901931e+01   1.4647815e-01
   2.0272957e+01  -7.6910981e+01   4.1213275e+01  -7.1519651e+01   7.0441386e+01  -6.0363387e+01   9.9637774e+01  -4.6559968e+01   1.0855657e+02  -4.2556982e+01   1.4384915e-01
   2.0241345e+01  -7.6691643e+01   4.1213275e+01  -7.1519651e+01   7.0562679e+01  -6.0761619e+01   9.9850071e+01  -4.7149135e+01   1.0879184e+02  -4.3172470e+01   1.4078842e-01
   2.0241939e+01  -7.6791174e+01   4.1214137e+01  -7.1616144e+01   7.0643611e+01  -6.0760514e+01   1.0005389e+02  -4.7446839e+01   1.0899673e+02  -4.3469293e+01   1.3567164e-01
   2.0241939e+01  -7.6791174e+01   4.1214137e+01  -7.1616144e+01   7.0652250e+01  -6.1060602e+01   1.0009990e+02  -4.7763462e+01   1.0903187e+02  -4.3886202e+01   1.3108798e-01
   2.0273747e+01  -7.7010306e+01   4.1342547e+01  -7.1601292e+01   7.0849614e+01  -6.1259349e+01   1.0047210e+02  -4.8430145e+01   1.0942536e+02  -4.4644416e+01   1.2824564e-01
   2.0241939e+01  -7.6791174e+01   4.1342547e+01  -7.1601292e+01   7.0972831e+01  -6.1756378e+01   1.0071815e+02  -4.9038610e+01   1.0983966e+02  -4.5429675e+01   1.2076093e-01
   2.0272957e+01  -7.6910981e+01   4.1408552e+01  -7.1812321e+01   7.0978998e+01  -6.2052485e+01   1.0093059e+02  -4.9628026e+01   1.0988109e+02  -4.6039434e+01   1.1554794e-01
   2.0241939e+01  -7.6791174e+01   4.1345488e+01  -7.1798951e+01   7.1063070e+01  -6.2151036e+01   1.0094423e+02  -5.0020037e+01   1.1026372e+02  -4.6506484e+01   1.1569854e-01
   2.0241939e+01  -7.6791174e+01   4.1345488e+01  -7.1798951e+01   7.1262983e+01  -6.2354316e+01   1.0115284e+02  -5.0418136e+01   1.1030049e+02  -4.6924460e+01   1.1130329e-01
   2.0272957e+01  -7.6910981e+01   4.1346360e+01  -7.1895290e+01   7.1265499e+01  -6.2548660e+01   1.0151924e+02  -5.0985135e+01   1.1050973e+02  -4.7412517e+01   1.0662609e-01
   2.0241939e+01  -7.6791174e+01   4.1348429e+01  -7.1996636e+01   7.1274186e+01  -6.2849152e+01   1.0156657e+02  -5.1302080e+01   1.1072968e+02  -4.8101037e+01   1.0327085e-01
   2.0241939e+01  -7.6791174e+01   4.1348429e+01  -7.1996636e+01   7.1471714e+01  -6.3048165e+01   1.0177441e+02  -5.1792069e+01   1.1094443e+02  -4.8689737e+01   9.9970373e-02
   2.0241939e+01  -7.6791174e+01   4.1413579e+01  -7.2111801e+01   7.1476687e+01  -6.3246981e+01   1.0179311e+02  -5.2285163e+01   1.1115688e+02  -4.9183017e+01   9.9996472e-02
   2.0241939e+01  -7.6791174e+01   4.1414458e+01  -7.2208299e+01   7.1486636e+01  -6.3644692e+01   1.0203243e+02  -5.2787990e+01   1.1136893e+02  -4.9767689e+01   9.5102278e-02
   2.0241939e+01  -7.6791174e+01   4.1416527e+01  -7.2309828e+01   7.1684231e+01  -6.3843819e+01   1.0221001e+02  -5.3174530e+01   1.1157938e+02  -5.0165890e+01   9.0649747e-02
   2.0241939e+01  -7.6791174e+01   4.1416527e+01  -7.2309828e+01   7.1689219e+01  -6.4042740e+01   1.0225031e+02  -5.3478900e+01   1.1177492e+02  -5.0734769e+01   8.8503027e-02
   2.0241939e+01  -7.6791174e+01   4.1542570e+01  -7.2192571e+01   7.1692893e+01  -6.4144282e+01   1.0242721e+02  -5.3957977e+01   1.1180942e+02  -5.1147398e+01   8.6567319e-02
   2.0241939e+01  -7.6791174e+01   4.1419476e+01  -7.2507881e+01   7.1891857e+01  -6.4440902e+01   1.0263845e+02  -5.4453639e+01   1.1201964e+02  -5.1637363e+01   8.2901117e-02
   2.0272957e+01  -7.6910981e+01   4.1419476e+01  -7.2507881e+01   7.1896858e+01  -6.4639901e+01   1.0285175e+02  -5.5045513e+01   1.1205625e+02  -5.2144012e+01   8.0833993e-02
   2.0272957e+01  -7.6910981e+01   4.1419476e+01  -7.2507881e+01   7.1901860e+01  -6.4838925e+01   1.0288906e+02  -5.5251285e+01   1.1226383e+02  -5.2537847e+01   7.7154052e-02
   2.0272957e+01  -7.6910981e+01   4.1419476e+01  -7.2507881e+01   7.1906862e+01  -6.5037975e+01   1.0306513e+02  -5.5637655e+01   1.1245793e+02  -5.3014529e+01   7.4927273e-02
   2.0272957e+01  -7.6910981e+01   4.1422425e+01  -7.2705960e+01   7.2026977e+01  -6.5342672e+01   1.0311406e+02  -5.6139794e+01   1.1249400e+02  -5.3519597e+01   7.2440217e-02
   2.0241939e+01  -7.6791174e+01   4.1422425e+01  -7.2705960e+01   7.2114610e+01  -6.5635536e+01   1.0348996e+02  -5.6726354e+01   1.1288914e+02  -5.4196781e+01   6.8917600e-02
   2.0272957e+01  -7.6910981e+01   4.1423318e+01  -7.2802463e+01   7.2235086e+01  -6.5941278e+01   1.0350615e+02  -5.7216721e+01   1.1292965e+02  -5.4800709e+01   6.7074917e-02
   2.0272957e+01  -7.6910981e+01   4.1551436e+01  -7.2785844e+01   7.2317412e+01  -6.6034138e+01   1.0354959e+02  -5.7616262e+01   1.1314014e+02  -5.5291367e+01   6.1203466e-02
   2.0272957e+01  -7.6910981e+01   4.1551436e+01  -7.2785844e+01   7.2322441e+01  -6.6233344e+01   1.0372189e+02  -5.7906007e+01   1.1314999e+02  -5.5583286e+01   5.9528690e-02
   2.0241939e+01  -7.6791174e+01   4.1551436e+01  -7.2785844e+01   7.2326116e+01  -6.6335085e+01   1.0373855e+02  -5.8304729e+01   1.1334841e+02  -5.6070262e+01   6.1193067e-02
   2.0241345e+01  -7.6691643e+01   4.1619077e+01  -7.3003507e+01   7.2451996e+01  -6.6841649e+01   1.0395237e+02  -5.8898317e+01   1.1356911e+02  -5.6762849e+01   5.5212488e-02
   2.0241939e+01  -7.6791174e+01   4.1554392e+01  -7.2983655e+01   7.2535397e+01  -6.7030706e+01   1.0419018e+02  -5.9394221e+01   1.1360169e+02  -5.7259607e+01   5.3088075e-02
   2.0272957e+01  -7.6910981e+01   4.1619876e+01  -7.3100391e+01   7.2540441e+01  -6.7230042e+01   1.0420914e+02  -5.9889200e+01   1.1381753e+02  -5.7851633e+01   4.8981507e-02
   2.0241939e+01  -7.6791174e+01   4.1622839e+01  -7.3298543e+01   7.2622232e+01  -6.7320869e+01   1.0438964e+02  -6.0380337e+01   1.1385188e+02  -5.8350368e+01   4.7483973e-02
   2.0272957e+01  -7.6910981e+01   4.1622839e+01  -7.3298543e+01   7.2550529e+01  -6.7628791e+01   1.0442991e+02  -6.0679761e+01   1.1386441e+02  -5.8647004e+01   4.3783595e-02
   2.0272957e+01  -7.6910981e+01   4.1622839e+01  -7.3298543e+01   7.2748463e+01  -6.7828496e+01   1.0445100e+02  -6.1271390e+01   1.1408274e+02  -5.9334839e+01   4.1256252e-02
   2.0241939e+01  -7.6791174e+01   4.1625802e+01  -7.3496721e+01   7.2757194e+01  -6.8129842e+01   1.0466255e+02  -6.1768824e+01   1.1448581e+02  -6.0123575e+01   3.7476066e-02
   2.0241345e+01  -7.6691643e+01   4.1751569e+01  -7.3377556e+01   7.2763637e+01  -6.8426893e+01   1.0485331e+02  -6.2557943e+01   1.1451631e+02  -6.0911190e+01   3.5110425e-02
   2.0272957e+01  -7.6910981e+01   4.1625802e+01  -7.3496721e+01   7.2845141e+01  -6.8515958e+01   1.0489299e+02  -6.2854519e+01   1.1453728e+02  -6.1109192e+01   2.9521263e-02
   2.0241939e+01  -7.6791174e+01   4.1628766e+01  -7.3694926e+01   7.2850201e+01  -6.8715179e+01   1.0507477e+02  -6.3351228e+01   1.1474299e+02  -6.1798314e+01   2.8620347e-02
   2.0272957e+01  -7.6910981e+01   4.1754538e+01  -7.3575439e+01   7.2975454e+01  -6.9127826e+01   1.0509807e+02  -6.3948707e+01   1.1477217e+02  -6.2493654e+01   2.4942490e-02
   2.0272957e+01  -7.6910981e+01   4.1756689e+01  -7.3676613e+01   7.2981928e+01  -6.9425045e+01   1.0514006e+02  -6.4340505e+01   1.1497964e+02  -6.2887472e+01   2.4468274e-02
   2.0272957e+01  -7.6910981e+01   4.1756689e+01  -7.3676613e+01   7.2987002e+01  -6.9624693e+01   1.0517468e+02  -6.4533504e+01   1.1499771e+02  -6.3378467e+01   1.9979102e-02
   2.0272957e+01  -7.6910981e+01   4.1758432e+01  -7.3869703e+01   7.2992075e+01  -6.9824367e+01   1.0535673e+02  -6.5032605e+01   1.1502300e+02  -6.3673732e+01   1.8840744e-02
   2.0272957e+01  -7.6910981e+01   4.1760479e+01  -7.3971284e+01   7.3193853e+01  -7.0126474e+01   1.0537557e+02  -6.5529154e+01   1.1523453e+02  -6.4468820e+01   1.4943289e-02
   2.0241939e+01  -7.6791174e+01   4.1760479e+01  -7.3971284e+01   7.3195271e+01  -7.0224109e+01   1.0538974e+02  -6.5924819e+01   1.1525465e+02  -6.4661981e+01   1.2950532e-02
   2.0272957e+01  -7.6910981e+01   4.1760479e+01  -7.3971284e+01   7.3198938e+01  -7.0326218e+01   1.0556536e+02  -6.6229068e+01   1.1526999e+02  -6.5056326e+01   1.0298680e-02
   2.0115448e+01  -7.7034533e+01   4.1826298e+01  -7.4089593e+01   7.3205445e+01  -7.0623638e+01   1.0578016e+02  -6.6826130e+01   1.1548364e+02  -6.5554408e+01   5.2207194e-03
   2.0273747e+01  -7.7010306e+01   4.1826298e+01  -7.4089593e+01   7.3210533e+01  -7.0823442e+01   1.0578973e+02  -6.7121471e+01   1.1550667e+02  -6.6146316e+01   3.9871975e-03
   2.0241939e+01  -7.6791174e+01   4.1829276e+01  -7.4287870e+01   7.3214195e+01  -7.0925607e+01   1.0582113e+02  -6.7214024e+01   1.1551719e+02  -6.6440246e+01   2.6073772e-03
   2.0241939e+01  -7.6791174e+01   4.1763450e+01  -7.4169246e+01   7.3219282e+01  -7.1125456e+01   1.0566661e+02  -6.7501686e+01   1.1552971e+02  -6.6738445e+01   1.9860385e-03
   2.0241939e+01  -7.6791174e+01   4.1763450e+01  -7.4169246e+01   7.3295123e+01  -7.1010998e+01   1.0583760e+02  -6.7706726e+01   1.1553514e+02  -6.6931329e+01   1.5517019e-03
   2.0241939e+01  -7.6791174e+01   4.1763450e+01  -7.4169246e+01   7.3220710e+01  -7.1223127e+01   1.0584248e+02  -6.7808230e+01   1.1554024e+02  -6.7032488e+01  -1.3446240e-03
   2.0241939e+01  -7.6791174e+01   4.1763450e+01  -7.4169246e+01   7.3296552e+01  -7.1108508e+01   1.0584472e+02  -6.7904831e+01   1.1572482e+02  -6.7140059e+01   1.4868217e-05
   2.0272957e+01  -7.6910981e+01   4.1829276e+01  -7.4287870e+01   7.3296552e+01  -7.1108508e+01   1.0584472e+02  -6.7904831e+01   1.1573641e+02  -6.7131758e+01  -9.9621912e-04
   2.0272957e+01  -7.6910981e+01   4.1829276e+01  -7.4287870e+01   7.3296552e+01  -7.1108508e+01   1.0584959e+02  -6.8006349e+01   1.1574151e+02  -6.7232933e+01   9.1785549e-04
   2.0272360e+01  -7.6811298e+01   4.1763450e+01  -7.4169246e+01   7.3296552e+01  -7.1108508e+01   1.0584959e+02  -6.8006349e+01   1.1573252e+02  -6.7337841e+01  -4.6324606e-04
   2.0241939e+01  -7.6791174e+01   4.1829276e+01  -7.4287870e+01   7.3415198e+01  -7.1320762e+01   1.0584959e+02  -6.8006349e+01   1.1573252e+02  -6.7337841e+01  -1.2416016e-03
   2.0241939e+01  -7.6791174e+01   4.1763450e+01  -7.4169246e+01   7.3300211e+01  -7.1210549e+01   1.0584959e+02  -6.8006349e+01   1.1574151e+02  -6.7232933e+01  -1.8313460e-03
   2.0241939e+01  -7.6791174e+01   4.1829276e+01  -7.4287870e+01   7.3297921e+01  -7.1205654e+01   1.0585184e+02  -6.8102961e+01   1.1556486e+02  -6.7322550e+01   2.3930582e-04
   2.0242725e+01  -7.6890348e+01   4.1829276e+01  -7.4287870e+01   7.3300211e+01  -7.1210549e+01   1.0585184e+02  -6.8102961e+01   1.1556486e+02  -6.7322550e+01   2.3251588e-03
   2.0272957e+01  -7.6910981e+01   4.1831418e+01  -7.4389272e+01   7.3301641e+01  -7.1308067e+01   1.0585184e+02  -6.8102961e+01   1.1573512e+02  -6.7434303e+01   1.4445532e-04
   2.0272957e+01  -7.6910981e+01   4.1829276e+01  -7.4287870e+01   7.3417490e+01  -7.1325660e+01   1.0585671e+02  -6.8204493e+01   1.1574921e+02  -6.7430429e+01   1.4111128e-03
   2.0272957e+01  -7.6910981e+01   4.1829276e+01  -7.4287870e+01   7.3300211e+01  -7.1210549e+01   1.0602118e+02  -6.8212551e+01   1.1574411e+02  -6.7329241e+01   4.4613371e-04
   2.0241939e+01  -7.6791174e+01   4.1765587e+01  -7.4270490e+01   7.3296552e+01  -7.1108508e+01   1.0587603e+02  -6.7996111e+01   1.1574921e+02  -6.7430429e+01  -1.0462123e-03
   2.0241939e+01  -7.6791174e+01   4.1831418e+01  -7.4389272e+01   7.3301641e+01  -7.1308067e+01   1.0585184e+02  -6.8102961e+01   1.1574921e+02  -6.7430429e+01  -7.4144917e-04
   2.0241939e+01  -7.6791174e+01   4.1765587e+01  -7.4270490e+01   7.3300211e+01  -7.1210549e+01   1.0585671e+02  -6.8204493e+01   1.1574921e+02  -6.7430429e+01   1.2306885e-05
   2.0272957e+01  -7.6910981e+01   4.1829276e+01  -7.4287870e+01   7.3415198e+01  -7.1320762e+01   1.0585184e+02  -6.8102961e+01   1.1574023e+02  -6.7535647e+01  -5.3239585e-04
   2.0272957e+01  -7.6910981e+01   4.1765587e+01  -7.4270490e+01   7.3296552e+01  -7.1108508e+01   1.0585184e+02  -6.8102961e+01   1.1574411e+02  -6.7329241e+01  -5.1157330e-05
   2.0272957e+01  -7.6910981e+01   4.1829276e+01  -7.4287870e+01   7.3301641e+01  -7.1308067e+01   1.0585184e+02  -6.8102961e+01   1.1574411e+02  -6.7329241e+01   1.4072269e-03
   2.0241939e+01  -7.6791174e+01   4.1829276e+01  -7.4287870e+01   7.3296552e+01  -7.1108508e+01   1.0584959e+02  -6.8006349e+01   1.1573641e+02  -6.7131758e+01   2.7911116e-03
   2.0242725e+01  -7.6890348e+01   4.1829276e+01  -7.4287870e+01   7.3296552e+01  -7.1108508e+01   1.0583962e+02  -6.7802981e+01   1.1553745e+02  -6.7027282e+01   5.5507729e-03
   2.0272957e+01  -7.6910981e+01   4.1763450e+01  -7.4169246e+01   7.3215622e+01  -7.1023271e+01   1.0582538e+02  -6.7406826e+01   1.1552207e+02  -6.6632432e+01   1.2789814e-02
   2.0115448e+01  -7.7034533e+01   4.1760479e+01  -7.3971284e+01   7.3205445e+01  -7.0623638e+01   1.0563334e+02  -6.6609561e+01   1.1548902e+02  -6.5747141e+01   2.0125746e-02
   2.0241939e+01  -7.6791174e+01   4.1760479e+01  -7.3971284e+01   7.3201719e+01  -7.0521140e+01   1.0559462e+02  -6.6318354e+01   1.1528441e+02  -6.5146851e+01   2.4477414e-02
   2.0241939e+01  -7.6791174e+01   4.1760479e+01  -7.3971284e+01   7.3196629e+01  -7.0321382e+01   1.0541409e+02  -6.5912851e+01   1.1527674e+02  -6.4949952e+01   2.8749113e-02
   2.0241939e+01  -7.6791174e+01   4.1824246e+01  -7.3987853e+01   7.3073293e+01  -6.9911370e+01   1.0539992e+02  -6.5517794e+01   1.1506830e+02  -6.4161114e+01   3.3865472e-02
   2.0084624e+01  -7.6914354e+01   4.1757509e+01  -7.3773349e+01   7.3065780e+01  -6.9706472e+01   1.0517501e+02  -6.4719227e+01   1.1482540e+02  -6.3363596e+01   4.0875467e-02
   2.0241939e+01  -7.6791174e+01   4.1757509e+01  -7.3773349e+01   7.3054339e+01  -6.9211098e+01   1.0495785e+02  -6.3934078e+01   1.1479882e+02  -6.2583526e+01   4.6472372e-02
   2.0272957e+01  -7.6910981e+01   4.1628766e+01  -7.3694926e+01   7.2973124e+01  -6.9123063e+01   1.0494373e+02  -6.3539543e+01   1.1458845e+02  -6.2092163e+01   4.9994972e-02
   2.0241939e+01  -7.6791174e+01   4.1754538e+01  -7.3575439e+01   7.2851536e+01  -6.8812248e+01   1.0492768e+02  -6.3049248e+01   1.1456557e+02  -6.1502746e+01   5.2456026e-02
   2.0272957e+01  -7.6910981e+01   4.1754538e+01  -7.3575439e+01   7.2842684e+01  -6.8510521e+01   1.0490458e+02  -6.2547249e+01   1.1435128e+02  -6.0709188e+01   5.7719174e-02
   2.0272957e+01  -7.6910981e+01   4.1625802e+01  -7.3496721e+01   7.2836350e+01  -6.8214641e+01   1.0449687e+02  -6.1856542e+01   1.1431592e+02  -6.0119900e+01   6.4540802e-02
   2.0241939e+01  -7.6791174e+01   4.1625802e+01  -7.3496721e+01   7.2754847e+01  -6.8125138e+01   1.0468064e+02  -6.1566208e+01   1.1410611e+02  -5.9629746e+01   6.4724082e-02
   2.0272957e+01  -7.6910981e+01   4.1625802e+01  -7.3496721e+01   7.2749787e+01  -6.7925692e+01   1.0446706e+02  -6.0973234e+01   1.1390405e+02  -5.9041939e+01   6.9606085e-02
   2.0272957e+01  -7.6910981e+01   4.1622839e+01  -7.3298543e+01   7.2623546e+01  -6.7417892e+01   1.0425523e+02  -6.0475945e+01   1.1386793e+02  -5.8450513e+01   7.0131392e-02
   2.0272957e+01  -7.6910981e+01   4.1622839e+01  -7.3298543e+01   7.2614706e+01  -6.7116489e+01   1.0406682e+02  -5.9694439e+01   1.1364691e+02  -5.7759038e+01   7.8539342e-02
   2.0272957e+01  -7.6910981e+01   4.1620781e+01  -7.3196897e+01   7.2536708e+01  -6.7127875e+01   1.0403130e+02  -5.9495693e+01   1.1345506e+02  -5.7281336e+01   7.8673818e-02
   2.0241939e+01  -7.6791174e+01   4.1620781e+01  -7.3196897e+01   7.2531662e+01  -6.6928558e+01   1.0401380e+02  -5.9096660e+01   1.1342416e+02  -5.6973014e+01   8.0606054e-02
   2.0241939e+01  -7.6791174e+01   4.1619876e+01  -7.3100391e+01   7.2407064e+01  -6.6519273e+01   1.0363558e+02  -5.8411133e+01   1.1321554e+02  -5.6194670e+01   8.3459074e-02
   2.0115448e+01  -7.7034533e+01   4.1617813e+01  -7.2998769e+01   7.2323738e+01  -6.6330485e+01   1.0377957e+02  -5.7915176e+01   1.1299934e+02  -5.5511652e+01   8.8574687e-02
   2.0241939e+01  -7.6791174e+01   4.1551436e+01  -7.2785844e+01   7.2198268e+01  -6.5825672e+01   1.0337270e+02  -5.7226599e+01   1.1294184e+02  -5.4806030e+01   9.3747513e-02
   2.0272957e+01  -7.6910981e+01   4.1551436e+01  -7.2785844e+01   7.2193249e+01  -6.5626833e+01   1.0336393e+02  -5.6934670e+01   1.1293228e+02  -5.4514981e+01   9.7382686e-02
   2.0272957e+01  -7.6910981e+01   4.1551436e+01  -7.2785844e+01   7.2189460e+01  -6.5524638e+01   1.0318227e+02  -5.6445900e+01   1.1255532e+02  -5.3945068e+01   9.8308378e-02
   2.0241939e+01  -7.6791174e+01   4.1549374e+01  -7.2684406e+01   7.2183211e+01  -6.5229231e+01   1.0314584e+02  -5.6242966e+01   1.1252517e+02  -5.3543406e+01   1.0127203e-01
   2.0272957e+01  -7.6910981e+01   4.1548480e+01  -7.2588060e+01   7.1982008e+01  -6.4928068e+01   1.0276417e+02  -5.5462440e+01   1.1212074e+02  -5.2669550e+01   1.0515221e-01
   2.0272957e+01  -7.6910981e+01   4.1545525e+01  -7.2390302e+01   7.1898129e+01  -6.4736988e+01   1.0271334e+02  -5.4865927e+01   1.1190515e+02  -5.1988324e+01   1.0968299e-01
   2.0272957e+01  -7.6910981e+01   4.1419476e+01  -7.2507881e+01   7.1891857e+01  -6.4440902e+01   1.0267089e+02  -5.4559423e+01   1.1205014e+02  -5.1571782e+01   1.1259669e-01
   2.0241939e+01  -7.6791174e+01   4.1545525e+01  -7.2390302e+01   7.1773429e+01  -6.4235158e+01   1.0249895e+02  -5.4180553e+01   1.1185043e+02  -5.1374201e+01   1.1493865e-01
   2.0272957e+01  -7.6910981e+01   4.1419476e+01  -7.2507881e+01   7.1769645e+01  -6.4133104e+01   1.0232417e+02  -5.3797725e+01   1.1165992e+02  -5.0996894e+01   1.1540336e-01
   2.0241939e+01  -7.6791174e+01   4.1417411e+01  -7.2406327e+01   7.1572331e+01  -6.3934248e+01   1.0227033e+02  -5.3288416e+01   1.1125737e+02  -5.0128726e+01   1.2045119e-01
   2.0241939e+01  -7.6791174e+01   4.1417411e+01  -7.2406327e+01   7.1561173e+01  -6.3440538e+01   1.0202149e+02  -5.2585924e+01   1.1119571e+02  -4.9409879e+01   1.2645665e-01
   2.0241939e+01  -7.6791174e+01   4.1416527e+01  -7.2309828e+01   7.1477934e+01  -6.3344021e+01   1.0181979e+02  -5.2198049e+01   1.1098722e+02  -4.8923013e+01   1.2641042e-01
   2.0084624e+01  -7.6914354e+01   4.1541791e+01  -7.2095856e+01   7.1472958e+01  -6.3145197e+01   1.0181292e+02  -5.2002033e+01   1.1080376e+02  -4.8650133e+01   1.2835243e-01
   2.0272957e+01  -7.6910981e+01   4.1348429e+01  -7.1996636e+01   7.1469174e+01  -6.3043101e+01   1.0160726e+02  -5.1608375e+01   1.1077305e+02  -4.8335987e+01   1.3008252e-01
   2.0272957e+01  -7.6910981e+01   4.1348429e+01  -7.1996636e+01   7.1353990e+01  -6.2844796e+01   1.0143359e+02  -5.1229404e+01   1.1075986e+02  -4.8040721e+01   1.3453660e-01
   2.0241939e+01  -7.6791174e+01   4.1346360e+01  -7.1895290e+01   7.1266683e+01  -6.2645350e+01   1.0122153e+02  -5.0641075e+01   1.1034056e+02  -4.7156837e+01   1.4011171e-01
   2.0241939e+01  -7.6791174e+01   4.1346360e+01  -7.1895290e+01   7.1143114e+01  -6.2147443e+01   1.0100809e+02  -4.9958096e+01   1.0995074e+02  -4.6402109e+01   1.4532329e-01
   2.0115448e+01  -7.7034533e+01   4.1345488e+01  -7.1798951e+01   7.1138162e+01  -6.1949089e+01   1.0096340e+02  -4.9645260e+01   1.0991734e+02  -4.5990614e+01   1.4472423e-01
   2.0272957e+01  -7.6910981e+01   4.1345488e+01  -7.1798951e+01   7.1058121e+01  -6.1952368e+01   1.0092542e+02  -4.9527495e+01   1.0989279e+02  -4.5867496e+01   1.4819255e-01
   2.0084624e+01  -7.6914354e+01   4.1343414e+01  -7.1697629e+01   7.1050515e+01  -6.1748110e+01   1.0071569e+02  -4.9128213e+01   1.0950025e+02  -4.5202720e+01   1.5192683e-01
   2.0272957e+01  -7.6910981e+01   4.1342547e+01  -7.1601292e+01   7.0851989e+01  -6.1452973e+01   1.0034224e+02  -4.8366396e+01   1.0926863e+02  -4.4687151e+01   1.5687513e-01
   2.0084624e+01  -7.6914354e+01   4.1342547e+01  -7.1601292e+01   7.0732931e+01  -6.1059030e+01   1.0013569e+02  -4.7878947e+01   1.0905361e+02  -4.4006941e+01   1.5999257e-01
   2.0241939e+01  -7.6791174e+01   4.1340469e+01  -7.1499994e+01   7.0728008e+01  -6.0860810e+01   1.0008978e+02  -4.7562968e+01   1.0884729e+02  -4.3615930e+01   1.6511318e-01
   2.0272957e+01  -7.6910981e+01   4.1339606e+01  -7.1403659e+01   7.0644765e+01  -6.0857150e+01   9.9884455e+01  -4.7170132e+01   1.0881392e+02  -4.3294427e+01   1.6280478e-01
   2.0241939e+01  -7.6791174e+01   4.1337523e+01  -7.1302386e+01   7.0522310e+01  -6.0362586e+01   9.9515407e+01  -4.6601973e+01   1.0824835e+02  -4.2377487e+01   1.7026565e-01
   2.0241939e+01  -7.6791174e+01   4.1211198e+01  -7.1418215e+01   7.0433808e+01  -6.0159457e+01   9.9332795e+01  -4.5936441e+01   1.0803115e+02  -4.1881109e+01   1.7440753e-01
   2.0084624e+01  -7.6914354e+01   4.1145519e+01  -7.1207813e+01   7.0431571e+01  -5.9966542e+01   9.9256822e+01  -4.5696516e+01   1.0780228e+02  -4.1274319e+01   1.8079001e-01
   2.0272957e+01  -7.6910981e+01   4.1145519e+01  -7.1207813e+01   7.0230560e+01  -5.9666233e+01   9.8888872e+01  -4.5131107e+01   1.0776150e+02  -4.0849660e+01   1.8345756e-01
   2.0272360e+01  -7.6811298e+01   4.1143443e+01  -7.1106560e+01   7.0145326e+01  -5.9564047e+01   9.8840118e+01  -4.4716887e+01   1.0735651e+02  -4.0263103e+01   1.8751077e-01
   2.0084624e+01  -7.6914354e+01   4.1208259e+01  -7.1220312e+01   7.0028463e+01  -5.9269426e+01   9.8593941e+01  -4.4199468e+01   1.0697924e+02  -3.9714748e+01   1.9297377e-01
   2.0272957e+01  -7.6910981e+01   4.1142592e+01  -7.1010227e+01   6.9826420e+01  -5.8872731e+01   9.8027611e+01  -4.3345107e+01   1.0656676e+02  -3.8841485e+01   1.9740443e-01
   2.0084624e+01  -7.6914354e+01   4.1140511e+01  -7.0908997e+01   6.9821551e+01  -5.8674496e+01   9.7979952e+01  -4.3117661e+01   1.0652575e+02  -3.8508387e+01   1.9961734e-01
   2.0241939e+01  -7.6791174e+01   4.1013884e+01  -7.1024204e+01   6.9731935e+01  -5.8468771e+01   9.7655537e+01  -4.2589759e+01   1.0612154e+02  -3.7923092e+01   2.0462767e-01
   2.0241939e+01  -7.6791174e+01   4.1013039e+01  -7.0927715e+01   6.9619575e+01  -5.8277967e+01   9.7569063e+01  -4.2239070e+01   1.0609048e+02  -3.7693923e+01   2.0771821e-01
   2.0272360e+01  -7.6811298e+01   4.1013039e+01  -7.0927715e+01   6.9529674e+01  -5.8071706e+01   9.7400705e+01  -4.1781313e+01   1.0570932e+02  -3.7050003e+01   2.1223198e-01
   2.0272957e+01  -7.6910981e+01   4.1010959e+01  -7.0826347e+01   6.9528612e+01  -5.7975302e+01   9.7171481e+01  -4.1751162e+01   1.0566114e+02  -3.7071891e+01   2.1262678e-01
   2.0272957e+01  -7.6910981e+01   4.1013039e+01  -7.0927715e+01   6.9537214e+01  -5.8275513e+01   9.7690799e+01  -4.2283627e+01   1.0606284e+02  -3.7468648e+01   2.0621533e-01
   2.0115448e+01  -7.7034533e+01   4.1013039e+01  -7.0927715e+01   6.9734621e+01  -5.8474138e+01   9.7933708e+01  -4.2704733e+01   1.0626904e+02  -3.7859388e+01   1.9308858e-01
   2.0272957e+01  -7.6910981e+01   4.1013039e+01  -7.0927715e+01   6.9739487e+01  -5.8672660e+01   9.7946998e+01  -4.3096031e+01   1.0648247e+02  -3.8445006e+01   1.8706528e-01
   2.0272957e+01  -7.6910981e+01   4.1140511e+01  -7.0908997e+01   6.9825303e+01  -5.8776154e+01   9.8187592e+01  -4.3420018e+01   1.0688275e+02  -3.8932683e+01   1.7950527e-01
   2.0272957e+01  -7.6910981e+01   4.1015959e+01  -7.1125596e+01   6.9945524e+01  -5.9171468e+01   9.8519781e+01  -4.4052743e+01   1.0709965e+02  -3.9523243e+01   1.7759668e-01
   2.0241939e+01  -7.6791174e+01   4.1016810e+01  -7.1222087e+01   7.0031048e+01  -5.9274242e+01   9.8763347e+01  -4.4567233e+01   1.0733125e+02  -4.0042342e+01   1.6661354e-01
   2.0241939e+01  -7.6791174e+01   4.1145519e+01  -7.1207813e+01   7.0149087e+01  -5.9665947e+01   9.8852145e+01  -4.5012553e+01   1.0772361e+02  -4.0888611e+01   1.5964179e-01
   2.0241939e+01  -7.6791174e+01   4.1210341e+01  -7.1321724e+01   7.0238034e+01  -5.9869452e+01   9.9376834e+01  -4.5555885e+01   1.0811088e+02  -4.1451154e+01   1.5436867e-01
   2.0115448e+01  -7.7034533e+01   4.1145519e+01  -7.1207813e+01   7.0435290e+01  -6.0068023e+01   9.9272261e+01  -4.5997142e+01   1.0816436e+02  -4.1802126e+01   1.5082524e-01
   2.0272957e+01  -7.6910981e+01   4.1213275e+01  -7.1519651e+01   7.0436479e+01  -6.0164952e+01   9.9472422e+01  -4.6289580e+01   1.0819862e+02  -4.2126022e+01   1.4648177e-01
   2.0241939e+01  -7.6791174e+01   4.1213275e+01  -7.1519651e+01   7.0441386e+01  -6.0363387e+01   9.9637774e+01  -4.6559968e+01   1.0857774e+02  -4.2585473e+01   1.4553480e-01
   2.0272957e+01  -7.6910981e+01   4.1213275e+01  -7.1519651e+01   7.0562679e+01  -6.0761619e+01   9.9848275e+01  -4.7053435e+01   1.0878986e+02  -4.3077250e+01   1.4005658e-01
   2.0272957e+01  -7.6910981e+01   4.1213275e+01  -7.1519651e+01   7.0648533e+01  -6.0959027e+01   9.9897972e+01  -4.7561461e+01   1.0900603e+02  -4.3759739e+01   1.3160086e-01
   2.0241939e+01  -7.6791174e+01   4.1342547e+01  -7.1601292e+01   7.0766464e+01  -6.1256599e+01   1.0010666e+02  -4.7959198e+01   1.0921300e+02  -4.4151998e+01   1.2901316e-01
   2.0115448e+01  -7.7034533e+01   4.1216209e+01  -7.1717605e+01   7.0849614e+01  -6.1259349e+01   1.0030712e+02  -4.8252108e+01   1.0942004e+02  -4.4544392e+01   1.2687582e-01
   2.0241939e+01  -7.6791174e+01   4.1216209e+01  -7.1717605e+01   7.0854547e+01  -6.1457932e+01   1.0051756e+02  -4.8745505e+01   1.0945794e+02  -4.4964709e+01   1.2284833e-01
   2.0241939e+01  -7.6791174e+01   4.1342547e+01  -7.1601292e+01   7.0974051e+01  -6.1853522e+01   1.0088383e+02  -4.9217978e+01   1.0984702e+02  -4.5625141e+01   1.1875008e-01
   2.0241939e+01  -7.6791174e+01   4.1343414e+01  -7.1697629e+01   7.1058121e+01  -6.1952368e+01   1.0093225e+02  -4.9723473e+01   1.1006373e+02  -4.6308991e+01   1.1502890e-01
   2.0241939e+01  -7.6791174e+01   4.1345488e+01  -7.1798951e+01   7.1063070e+01  -6.2151036e+01   1.0094423e+02  -5.0020037e+01   1.1028042e+02  -4.6433768e+01   1.1392786e-01
   2.0272957e+01  -7.6910981e+01   4.1345488e+01  -7.1798951e+01   7.1066792e+01  -6.2252725e+01   1.0114312e+02  -5.0217708e+01   1.1029311e+02  -4.6729114e+01   1.1153389e-01
   2.0084624e+01  -7.6914354e+01   4.1345488e+01  -7.1798951e+01   7.1186680e+01  -6.2649730e+01   1.0151565e+02  -5.0793555e+01   1.1050764e+02  -4.7317184e+01   1.0668035e-01
   2.0272957e+01  -7.6910981e+01   4.1348429e+01  -7.1996636e+01   7.1274186e+01  -6.2849152e+01   1.0156847e+02  -5.1397874e+01   1.1072438e+02  -4.8000898e+01   1.0210474e-01
   2.0084624e+01  -7.6914354e+01   4.1348429e+01  -7.1996636e+01   7.1471714e+01  -6.3048165e+01   1.0177250e+02  -5.1696252e+01   1.1093701e+02  -4.8494147e+01   1.0138273e-01
   2.0084624e+01  -7.6914354e+01   4.1348429e+01  -7.1996636e+01   7.1476687e+01  -6.3246981e+01   1.0195070e+02  -5.2268704e+01   1.1114654e+02  -4.8982826e+01   9.7714550e-02
   2.0084624e+01  -7.6914354e+01   4.1351371e+01  -7.2194347e+01   7.1481661e+01  -6.3445824e+01   1.0199419e+02  -5.2579111e+01   1.1118210e+02  -4.9397197e+01   9.4785362e-02
   2.0241939e+01  -7.6791174e+01   4.1416527e+01  -7.2309828e+01   7.1601034e+01  -6.3747740e+01   1.0220526e+02  -5.3074235e+01   1.1155708e+02  -5.0048308e+01   9.1321002e-02
   2.0241939e+01  -7.6791174e+01   4.1416527e+01  -7.2309828e+01   7.1684231e+01  -6.3843819e+01   1.0241144e+02  -5.3468970e+01   1.1160405e+02  -5.0378752e+01   8.9453942e-02
   2.0241939e+01  -7.6791174e+01   4.1416527e+01  -7.2309828e+01   7.1689219e+01  -6.4042740e+01   1.0242030e+02  -5.3761421e+01   1.1178240e+02  -5.0930966e+01   8.5907951e-02
   2.0241939e+01  -7.6791174e+01   4.1417411e+01  -7.2406327e+01   7.1810217e+01  -6.4442932e+01   1.0263153e+02  -5.4257014e+01   1.1201216e+02  -5.1441367e+01   8.4017490e-02
   2.0115448e+01  -7.7034533e+01   4.1419476e+01  -7.2507881e+01   7.1896858e+01  -6.4639901e+01   1.0284481e+02  -5.4848806e+01   1.1203214e+02  -5.1933548e+01   7.9073495e-02
   2.0084624e+01  -7.6914354e+01   4.1419476e+01  -7.2507881e+01   7.1898129e+01  -6.4736988e+01   1.0269265e+02  -5.5057425e+01   1.1225633e+02  -5.2342027e+01   7.7428530e-02
   2.0241939e+01  -7.6791174e+01   4.1419476e+01  -7.2507881e+01   7.1905533e+01  -6.4940539e+01   1.0306513e+02  -5.5637655e+01   1.1245042e+02  -5.2818345e+01   7.5729225e-02
   2.0241939e+01  -7.6791174e+01   4.1548480e+01  -7.2588060e+01   7.2104579e+01  -6.5237307e+01   1.0310711e+02  -5.5943243e+01   1.1248649e+02  -5.3323647e+01   7.2242600e-02
   2.0241939e+01  -7.6791174e+01   4.1422425e+01  -7.2705960e+01   7.2109594e+01  -6.5436409e+01   1.0312101e+02  -5.6336371e+01   1.1269424e+02  -5.3717872e+01   7.2500323e-02
   2.0241939e+01  -7.6791174e+01   4.1422425e+01  -7.2705960e+01   7.2114610e+01  -6.5635536e+01   1.0349219e+02  -5.6822749e+01   1.1289667e+02  -5.4393152e+01   6.7713809e-02
   2.0241939e+01  -7.6791174e+01   4.1425374e+01  -7.2904065e+01   7.2240114e+01  -6.6140780e+01   1.0354756e+02  -5.7520258e+01   1.1293973e+02  -5.5092800e+01   6.3768791e-02
   2.0241939e+01  -7.6791174e+01   4.1551436e+01  -7.2785844e+01   7.2321089e+01  -6.6135861e+01   1.0372457e+02  -5.7910470e+01   1.1314769e+02  -5.5487586e+01   6.0706869e-02
   2.0272957e+01  -7.6910981e+01   4.1425374e+01  -7.2904065e+01   7.2326116e+01  -6.6335085e+01   1.0373383e+02  -5.8204068e+01   1.1335572e+02  -5.5882511e+01   5.8222084e-02
   2.0115448e+01  -7.7034533e+01   4.1553594e+01  -7.2886928e+01   7.2327471e+01  -6.6432575e+01   1.0394065e+02  -5.8600404e+01   1.1337581e+02  -5.6375449e+01   5.5883657e-02
   2.0272957e+01  -7.6910981e+01   4.1554392e+01  -7.2983655e+01   7.2530354e+01  -6.6831396e+01   1.0415927e+02  -5.9294873e+01   1.1359908e+02  -5.7163516e+01   5.0466118e-02
   2.0084624e+01  -7.6914354e+01   4.1554392e+01  -7.2983655e+01   7.2535397e+01  -6.7030706e+01   1.0400457e+02  -5.9589186e+01   1.1379306e+02  -5.7644334e+01   5.1451418e-02
   2.0084624e+01  -7.6914354e+01   4.1620781e+01  -7.3196897e+01   7.2540441e+01  -6.7230042e+01   1.0420914e+02  -5.9889200e+01   1.1382248e+02  -5.7952048e+01   5.0452250e-02
   2.0272957e+01  -7.6910981e+01   4.1620781e+01  -7.3196897e+01   7.2545485e+01  -6.7429403e+01   1.0421615e+02  -6.0086279e+01   1.1383007e+02  -5.8148621e+01   4.5667192e-02
   2.0272957e+01  -7.6910981e+01   4.1622839e+01  -7.3298543e+01   7.2743406e+01  -6.7629083e+01   1.0443462e+02  -6.0780446e+01   1.1405069e+02  -5.8841225e+01   4.3687027e-02
   2.0272957e+01  -7.6910981e+01   4.1622839e+01  -7.3298543e+01   7.2748463e+01  -6.7828496e+01   1.0444608e+02  -6.1170366e+01   1.1426205e+02  -5.9333750e+01   4.2240142e-02
   2.0272957e+01  -7.6910981e+01   4.1622839e+01  -7.3298543e+01   7.2633642e+01  -6.7816063e+01   1.0447922e+02  -6.1271333e+01   1.1409274e+02  -5.9627107e+01   4.1104517e-02
   2.0272957e+01  -7.6910981e+01   4.1623748e+01  -7.3395051e+01   7.2753521e+01  -6.8027936e+01   1.0465293e+02  -6.1567014e+01   1.1427995e+02  -5.9823566e+01   3.8534806e-02
   2.0241939e+01  -7.6791174e+01   4.1625802e+01  -7.3496721e+01   7.2759907e+01  -6.8324610e+01   1.0483919e+02  -6.2162552e+01   1.1450106e+02  -6.0517333e+01   3.4374477e-02
   2.0115448e+01  -7.7034533e+01   4.1625802e+01  -7.3496721e+01   7.2767307e+01  -6.8528836e+01   1.0469071e+02  -6.2558286e+01   1.1452096e+02  -6.1011495e+01   3.1525330e-02
   2.0084624e+01  -7.6914354e+01   4.1626716e+01  -7.3593231e+01   7.2848810e+01  -6.8617758e+01   1.0506532e+02  -6.3056618e+01   1.1473262e+02  -6.1504860e+01   2.9208497e-02
   2.0241939e+01  -7.6791174e+01   4.1754538e+01  -7.3575439e+01   7.2971783e+01  -6.9025828e+01   1.0508653e+02  -6.3650099e+01   1.1476585e+02  -6.1999362e+01   2.6003673e-02
   2.0241939e+01  -7.6791174e+01   4.1628766e+01  -7.3694926e+01   7.2981928e+01  -6.9425045e+01   1.0530105e+02  -6.4246047e+01   1.1479639e+02  -6.2786757e+01   2.1441289e-02
   2.0241939e+01  -7.6791174e+01   4.1756689e+01  -7.3676613e+01   7.2990667e+01  -6.9726747e+01   1.0534724e+02  -6.4738123e+01   1.1518648e+02  -6.3581213e+01   1.7405058e-02
   2.0241939e+01  -7.6791174e+01   4.1757509e+01  -7.3773349e+01   7.2995739e+01  -6.9926439e+01   1.0536382e+02  -6.5230362e+01   1.1521684e+02  -6.4069478e+01   1.4724323e-02
   2.0272957e+01  -7.6910981e+01   4.1757509e+01  -7.3773349e+01   7.3076956e+01  -7.0013300e+01   1.0554406e+02  -6.5634575e+01   1.1523453e+02  -6.4468820e+01   1.2696178e-02
   2.0241939e+01  -7.6791174e+01   4.1759655e+01  -7.3874546e+01   7.3195271e+01  -7.0224109e+01   1.0541457e+02  -6.5821396e+01   1.1525952e+02  -6.4762672e+01   9.5604746e-03
   2.0272957e+01  -7.6910981e+01   4.1762621e+01  -7.4072505e+01   7.3202542e+01  -7.0427977e+01   1.0559706e+02  -6.6322909e+01   1.1546662e+02  -6.5459118e+01   8.8219425e-03
   2.0241939e+01  -7.6791174e+01   4.1762621e+01  -7.4072505e+01   7.3286373e+01  -7.0709468e+01   1.0578261e+02  -6.6923163e+01   1.1531025e+02  -6.5742893e+01   3.3241792e-03
   2.0241939e+01  -7.6791174e+01   4.1762621e+01  -7.4072505e+01   7.3211898e+01  -7.0920734e+01   1.0579685e+02  -6.7319803e+01   1.1550951e+02  -6.6242881e+01   3.0645869e-03
   2.0241939e+01  -7.6791174e+01   4.1829276e+01  -7.4287870e+01   7.3215622e+01  -7.1023271e+01   1.0582825e+02  -6.7412068e+01   1.1552203e+02  -6.6541044e+01   3.0523858e-03
   2.0241939e+01  -7.6791174e+01   4.1829276e+01  -7.4287870e+01   7.3215622e+01  -7.1023271e+01   1.0583049e+02  -6.7508646e+01   1.1570942e+02  -6.6744570e+01  -4.2893804e-04
   2.0241939e+01  -7.6791174e+01   4.1829276e+01  -7.4287870e+01   7.3215622e+01  -7.1023271e+01   1.0583536e+02  -6.7610136e+01   1.1571712e+02  -6.6942302e+01  -2.3268314e-03
   2.0241939e+01  -7.6791174e+01   4.1829276e+01  -7.4287870e+01   7.3296552e+01  -7.1108508e+01   1.0566884e+02  -6.7598117e+01   1.1572482e+02  -6.7140059e+01   8.4344436e-04
   2.0272957e+01  -7.6910981e+01   4.1829276e+01  -7.4287870e+01   7.3220710e+01  -7.1223127e+01   1.0584248e+02  -6.7808230e+01   1.1571971e+02  -6.7038740e+01  -3.6221804e-04
   2.0241939e+01  -7.6791174e+01   4.1829276e+01  -7.4287870e+01   7.3296552e+01  -7.1108508e+01   1.0584472e+02  -6.7904831e+01   1.1572742e+02  -6.7236510e+01  -1.2133967e-03
   2.0241939e+01  -7.6791174e+01   4.1829276e+01  -7.4287870e+01   7.3300211e+01  -7.1210549e+01   1.0567594e+02  -6.7795903e+01   1.1555208e+02  -6.7024356e+01   1.3636148e-03
   2.0272957e+01  -7.6910981e+01   4.1829276e+01  -7.4287870e+01   7.3220710e+01  -7.1223127e+01   1.0584959e+02  -6.8006349e+01   1.1573382e+02  -6.7035462e+01  -1.9806204e-03
   2.0241939e+01  -7.6791174e+01   4.1763450e+01  -7.4169246e+01   7.3220710e+01  -7.1223127e+01   1.0584472e+02  -6.7904831e+01   1.1555208e+02  -6.7024356e+01  -5.3049694e-04
   2.0272957e+01  -7.6910981e+01   4.1829276e+01  -7.4287870e+01   7.3224368e+01  -7.1325330e+01   1.0584959e+02  -6.8006349e+01   1.1574151e+02  -6.7232933e+01   4.1846986e-04
   2.0272957e+01  -7.6910981e+01   4.1829276e+01  -7.4287870e+01   7.3296552e+01  -7.1108508e+01   1.0584959e+02  -6.8006349e+01   1.1574151e+02  -6.7232933e+01   3.2938299e-04
   2.0241939e+01  -7.6791174e+01   4.1829276e+01  -7.4287870e+01   7.3296552e+01  -7.1108508e+01   1.0584959e+02  -6.8006349e+01   1.1574151e+02  -6.7232933e+01   5.2291037e-04
   2.0272957e+01  -7.6910981e+01   4.1765587e+01  -7.4270490e+01   7.3220710e+01  -7.1223127e+01   1.0584959e+02  -6.8006349e+01   1.1573252e+02  -6.7337841e+01  -3.0389539e-04
   2.0115448e+01  -7.7034533e+01   4.1829276e+01  -7.4287870e+01   7.3296552e+01  -7.1108508e+01   1.0584959e+02  -6.8006349e+01   1.1574151e+02  -6.7232933e+01   1.3517033e-03
   2.0241939e+01  -7.6791174e+01   4.1829276e+01  -7.4287870e+01   7.3296552e+01  -7.1108508e+01   1.0584472e+02  -6.7904831e+01   1.1574151e+02  -6.7232933e+01   3.0929223e-05
   2.0272360e+01  -7.6811298e+01   4.1763450e+01  -7.4169246e+01   7.3296552e+01  -7.1108508e+01   1.0584472e+02  -6.7904831e+01   1.1554950e+02  -6.6928218e+01   2.7078753e-03
   2.0241939e+01  -7.6791174e+01   4.1763450e+01  -7.4169246e+01   7.3296552e+01  -7.1108508e+01   1.0583760e+02  -6.7706726e+01   1.1571971e+02  -6.7038740e+01   5.7591111e-03
   2.0241939e+01  -7.6791174e+01   4.1829276e+01  -7.4287870e+01   7.3211898e+01  -7.0920734e+01   1.0582337e+02  -6.7310592e+01   1.1551208e+02  -6.6339124e+01   1.2249717e-02
   2.0272957e+01  -7.6910981e+01   4.1763450e+01  -7.4169246e+01   7.3210533e+01  -7.0823442e+01   1.0564244e+02  -6.6903280e+01   1.1549900e+02  -6.6040341e+01   1.9046512e-02
   2.0272957e+01  -7.6910981e+01   4.1826298e+01  -7.4089593e+01   7.3201719e+01  -7.0521140e+01   1.0560372e+02  -6.6612470e+01   1.1529409e+02  -6.5439163e+01   2.0911137e-02
   2.0241939e+01  -7.6791174e+01   4.1826298e+01  -7.4089593e+01   7.3196629e+01  -7.0321382e+01   1.0541409e+02  -6.5912851e+01   1.1527674e+02  -6.4949952e+01   2.8605678e-02
   2.0272957e+01  -7.6910981e+01   4.1760479e+01  -7.3971284e+01   7.3074645e+01  -7.0008478e+01   1.0537310e+02  -6.5524607e+01   1.1523842e+02  -6.4358023e+01   3.3621913e-02
   2.0272957e+01  -7.6910981e+01   4.1757509e+01  -7.3773349e+01   7.3068218e+01  -6.9711993e+01   1.0535184e+02  -6.4931302e+01   1.1503003e+02  -6.3569525e+01   3.5931079e-02
   2.0272957e+01  -7.6910981e+01   4.1757509e+01  -7.3773349e+01   7.3063144e+01  -6.9512642e+01   1.0517175e+02  -6.4528321e+01   1.1482175e+02  -6.3173368e+01   3.8647352e-02
   2.0241939e+01  -7.6791174e+01   4.1757509e+01  -7.3773349e+01   7.2983274e+01  -6.9522293e+01   1.0515760e+02  -6.4133625e+01   1.1480842e+02  -6.2875364e+01   4.2828491e-02
   2.0241939e+01  -7.6791174e+01   4.1755457e+01  -7.3671792e+01   7.2932798e+01  -6.8900606e+01   1.0493839e+02  -6.3437869e+01   1.1477784e+02  -6.2089114e+01   4.8111522e-02
   2.0241939e+01  -7.6791174e+01   4.1754538e+01  -7.3575439e+01   7.2964255e+01  -6.8820803e+01   1.0491164e+02  -6.2744371e+01   1.1454846e+02  -6.1199011e+01   5.6322295e-02
   2.0241939e+01  -7.6791174e+01   4.1627952e+01  -7.3598033e+01   7.2841411e+01  -6.8413818e+01   1.0487589e+02  -6.2454511e+01   1.1434773e+02  -6.0519522e+01   5.9974938e-02
   2.0272957e+01  -7.6910981e+01   4.1625802e+01  -7.3496721e+01   7.2758579e+01  -6.8227402e+01   1.0468769e+02  -6.1763209e+01   1.1431187e+02  -5.9929406e+01   6.3884466e-02
   2.0272957e+01  -7.6910981e+01   4.1749508e+01  -7.3276049e+01   7.2633642e+01  -6.7816063e+01   1.0447409e+02  -6.1170154e+01   1.1409091e+02  -5.9237423e+01   6.7135472e-02
   2.0241939e+01  -7.6791174e+01   4.1622839e+01  -7.3298543e+01   7.2744727e+01  -6.7726271e+01   1.0425668e+02  -6.0571060e+01   1.1387139e+02  -5.8640256e+01   7.0783437e-02
   2.0241939e+01  -7.6791174e+01   4.1622839e+01  -7.3298543e+01   7.2619755e+01  -6.7315515e+01   1.0424119e+02  -6.0082323e+01   1.1385276e+02  -5.8058499e+01   7.3797493e-02
   2.0272957e+01  -7.6910981e+01   4.1620781e+01  -7.3196897e+01   7.2613452e+01  -6.7019824e+01   1.0402781e+02  -5.9490022e+01   1.1344959e+02  -5.7180848e+01   7.9501210e-02
   2.0084624e+01  -7.6914354e+01   4.1619876e+01  -7.3100391e+01   7.2412099e+01  -6.6718222e+01   1.0381452e+02  -5.8897992e+01   1.1341478e+02  -5.6682277e+01   8.2097644e-02
   2.0241939e+01  -7.6791174e+01   4.1554392e+01  -7.2983655e+01   7.2402028e+01  -6.6320350e+01   1.0362860e+02  -5.8214885e+01   1.1337416e+02  -5.6081383e+01   8.4314479e-02
   2.0241939e+01  -7.6791174e+01   4.1552334e+01  -7.2882192e+01   7.2395754e+01  -6.6024817e+01   1.0361303e+02  -5.7727322e+01   1.1297726e+02  -5.5307513e+01   9.0570831e-02
   2.0241939e+01  -7.6791174e+01   4.1551436e+01  -7.2785844e+01   7.2198268e+01  -6.5825672e+01   1.0353746e+02  -5.7318489e+01   1.1295644e+02  -5.4815610e+01   9.3003386e-02
   2.0241939e+01  -7.6791174e+01   4.1551436e+01  -7.2785844e+01   7.2194481e+01  -6.5723458e+01   1.0336038e+02  -5.6929082e+01   1.1274915e+02  -5.4422222e+01   9.5596190e-02
   2.0241939e+01  -7.6791174e+01   4.1551436e+01  -7.2785844e+01   7.2110879e+01  -6.5533523e+01   1.0334486e+02  -5.6441174e+01   1.1254018e+02  -5.3934202e+01   9.7207723e-02
   2.0272957e+01  -7.6910981e+01   4.1549374e+01  -7.2684406e+01   7.1990800e+01  -6.5228964e+01   1.0313890e+02  -5.6046702e+01   1.1251941e+02  -5.3442785e+01   1.0208715e-01
   2.0241939e+01  -7.6791174e+01   4.1546413e+01  -7.2486646e+01   7.1980788e+01  -6.4831466e+01   1.0276260e+02  -5.5367414e+01   1.1228183e+02  -5.2646473e+01   1.0620112e-01
   2.0272957e+01  -7.6910981e+01   4.1420364e+01  -7.2604382e+01   7.1898129e+01  -6.4736988e+01   1.0272026e+02  -5.5062030e+01   1.1208860e+02  -5.2171919e+01   1.0799897e-01
   2.0272957e+01  -7.6910981e+01   4.1545525e+01  -7.2390302e+01   7.1898129e+01  -6.4736988e+01   1.0270798e+02  -5.4764990e+01   1.1207535e+02  -5.1876251e+01   1.1176540e-01
   2.0241939e+01  -7.6791174e+01   4.1419476e+01  -7.2507881e+01   7.1773429e+01  -6.4235158e+01   1.0266396e+02  -5.4363086e+01   1.1185237e+02  -5.1469237e+01   1.1116776e-01
   2.0241939e+01  -7.6791174e+01   4.1417411e+01  -7.2406327e+01   7.1769645e+01  -6.4133104e+01   1.0232571e+02  -5.3892675e+01   1.1165415e+02  -5.0896484e+01   1.1550626e-01
   2.0272957e+01  -7.6910981e+01   4.1417411e+01  -7.2406327e+01   7.1567351e+01  -6.3735661e+01   1.0226901e+02  -5.3193613e+01   1.1124073e+02  -5.0112402e+01   1.2244989e-01
   2.0272957e+01  -7.6910981e+01   4.1351371e+01  -7.2194347e+01   7.1566151e+01  -6.3639094e+01   1.0206195e+02  -5.2705125e+01   1.1120892e+02  -4.9705445e+01   1.2236839e-01
   2.0241939e+01  -7.6791174e+01   4.1416527e+01  -7.2309828e+01   7.1561173e+01  -6.3440538e+01   1.0186165e+02  -5.2412298e+01   1.1119406e+02  -4.9315207e+01   1.2719431e-01
   2.0241939e+01  -7.6791174e+01   4.1414458e+01  -7.2208299e+01   7.1552411e+01  -6.3140056e+01   1.0181443e+02  -5.2097194e+01   1.1097540e+02  -4.8722010e+01   1.3115853e-01
   2.0241939e+01  -7.6791174e+01   4.1411505e+01  -7.2010297e+01   7.1351348e+01  -6.2839097e+01   1.0142912e+02  -5.1222990e+01   1.1039680e+02  -4.7686765e+01   1.3429558e-01
   2.0272957e+01  -7.6910981e+01   4.1348429e+01  -7.1996636e+01   7.1265499e+01  -6.2548660e+01   1.0138113e+02  -5.0627283e+01   1.1034500e+02  -4.7162754e+01   1.3918297e-01
   2.0272957e+01  -7.6910981e+01   4.1346360e+01  -7.1895290e+01   7.1146889e+01  -6.2249297e+01   1.0101637e+02  -5.0248457e+01   1.1013270e+02  -4.6671075e+01   1.4276255e-01
   2.0272957e+01  -7.6910981e+01   4.1345488e+01  -7.1798951e+01   7.1141938e+01  -6.2050923e+01   1.0096486e+02  -4.9740310e+01   1.0991891e+02  -4.6085111e+01   1.4625641e-01
   2.0272957e+01  -7.6910981e+01   4.1343414e+01  -7.1697629e+01   7.0941037e+01  -6.1750551e+01   1.0058714e+02  -4.8972301e+01   1.0950758e+02  -4.5397248e+01   1.4909545e-01
   2.0241939e+01  -7.6791174e+01   4.1343414e+01  -7.1697629e+01   7.0931159e+01  -6.1353971e+01   1.0050332e+02  -4.8539061e+01   1.0928779e+02  -4.4711445e+01   1.5787595e-01
   2.0241939e+01  -7.6791174e+01   4.1342547e+01  -7.1601292e+01   7.0847052e+01  -6.1254402e+01   1.0014246e+02  -4.8074396e+01   1.0907932e+02  -4.4132668e+01   1.6081612e-01
   2.0241939e+01  -7.6791174e+01   4.1214137e+01  -7.1616144e+01   7.0729163e+01  -6.0957295e+01   9.9926517e+01  -4.7480883e+01   1.0884126e+02  -4.3515643e+01   1.6249361e-01
   2.0272957e+01  -7.6910981e+01   4.1339606e+01  -7.1403659e+01   7.0643611e+01  -6.0760514e+01   9.9725658e+01  -4.7094407e+01   1.0881241e+02  -4.3199781e+01   1.6531377e-01
   2.0115448e+01  -7.7034533e+01   4.1213275e+01  -7.1519651e+01   7.0442532e+01  -6.0460012e+01   9.9667103e+01  -4.6481353e+01   1.0842031e+02  -4.2445401e+01   1.7412965e-01
   2.0115448e+01  -7.7034533e+01   4.1211198e+01  -7.1418215e+01   7.0433808e+01  -6.0159457e+01   9.9298318e+01  -4.5914350e+01   1.0800320e+02  -4.1658441e+01   1.7866220e-01
   2.0241939e+01  -7.6791174e+01   4.1145519e+01  -7.1207813e+01   7.0235457e+01  -5.9864597e+01   9.8895568e+01  -4.5326167e+01   1.0779002e+02  -4.1073994e+01   1.8305699e-01
   2.0115448e+01  -7.7034533e+01   4.1145519e+01  -7.1207813e+01   7.0225664e+01  -5.9467895e+01   9.8846814e+01  -4.4912197e+01   1.0736973e+02  -4.0557673e+01   1.8515532e-01
   2.0241939e+01  -7.6791174e+01   4.1143443e+01  -7.1106560e+01   7.0028463e+01  -5.9269426e+01   9.8629708e+01  -4.4224461e+01   1.0714426e+02  -3.9772491e+01   1.9138949e-01
   2.0241939e+01  -7.6791174e+01   4.1142592e+01  -7.1010227e+01   6.9826420e+01  -5.8872731e+01   9.8028756e+01  -4.3439789e+01   1.0656100e+02  -3.8741846e+01   1.9850866e-01
   2.0272957e+01  -7.6910981e+01   4.1013884e+01  -7.1024204e+01   6.9816681e+01  -5.8476287e+01   9.7978811e+01  -4.3022844e+01   1.0650241e+02  -3.8474454e+01   2.0123812e-01
   2.0272957e+01  -7.6910981e+01   4.1013039e+01  -7.0927715e+01   6.9731935e+01  -5.8468771e+01   9.7655537e+01  -4.2589759e+01   1.0614517e+02  -3.7957605e+01   2.0742687e-01
   2.0241939e+01  -7.6791174e+01   4.1013039e+01  -7.0927715e+01   6.9615783e+01  -5.8176062e+01   9.7569063e+01  -4.2239070e+01   1.0588576e+02  -3.7398163e+01   2.1235225e-01
   2.0272957e+01  -7.6910981e+01   4.1010959e+01  -7.0826347e+01   6.9609863e+01  -5.7881677e+01   9.7202894e+01  -4.1585200e+01   1.0550502e+02  -3.6754878e+01   2.1520524e-01
   2.0115448e+01  -7.7034533e+01   4.1010118e+01  -7.0729861e+01   6.9416555e+01  -5.7785003e+01   9.7159584e+01  -4.1455809e+01   1.0564691e+02  -3.6682830e+01   2.1439676e-01
   2.0272957e+01  -7.6910981e+01   4.1013039e+01  -7.0927715e+01   6.9532362e+01  -5.8077042e+01   9.7492013e+01  -4.2086520e+01   1.0583348e+02  -3.7136422e+01   2.0314925e-01
   2.0272957e+01  -7.6910981e+01   4.1013039e+01  -7.0927715e+01   6.9734621e+01  -5.8474138e+01   9.7772587e+01  -4.2535879e+01   1.0627087e+02  -3.7954439e+01   1.9035945e-01
   2.0272957e+01  -7.6910981e+01   4.1013884e+01  -7.1024204e+01   6.9734621e+01  -5.8474138e+01   9.7936537e+01  -4.2895296e+01   1.0647161e+02  -3.8245480e+01   1.8837647e-01
   2.0241939e+01  -7.6791174e+01   4.1140511e+01  -7.0908997e+01   6.9735734e+01  -5.8570860e+01   9.7940352e+01  -4.2900370e+01   1.0647161e+02  -3.8245480e+01   1.8723249e-01
   2.0241939e+01  -7.6791174e+01   4.1013884e+01  -7.1024204e+01   6.9739487e+01  -5.8672660e+01   9.7989264e+01  -4.3223300e+01   1.0668351e+02  -3.8736365e+01   1.7982755e-01
   2.0241939e+01  -7.6791174e+01   4.1205321e+01  -7.1022435e+01   6.9941813e+01  -5.9069921e+01   9.8362564e+01  -4.3981697e+01   1.0709965e+02  -3.9523243e+01   1.7009150e-01
   2.0272957e+01  -7.6910981e+01   4.1018880e+01  -7.1323503e+01   7.0144195e+01  -5.9467295e+01   9.8802909e+01  -4.4597078e+01   1.0733657e+02  -4.0142004e+01   1.6211225e-01
   2.0241939e+01  -7.6791174e+01   4.1145519e+01  -7.1207813e+01   7.0149087e+01  -5.9665947e+01   9.8850594e+01  -4.4917351e+01   1.0771805e+02  -4.0788535e+01   1.5722156e-01
   2.0241939e+01  -7.6791174e+01   4.1208259e+01  -7.1220312e+01   7.0153980e+01  -5.9864625e+01   9.9179654e+01  -4.5454216e+01   1.0775658e+02  -4.1119057e+01   1.5413851e-01
   2.0272957e+01  -7.6910981e+01   4.1210341e+01  -7.1321724e+01   7.0355254e+01  -6.0165128e+01   9.9231855e+01  -4.5874003e+01   1.0814260e+02  -4.1772467e+01   1.4724713e-01
   2.0084624e+01  -7.6914354e+01   4.1211198e+01  -7.1418215e+01   7.0440196e+01  -6.0266451e+01   9.9631029e+01  -4.6364123e+01   1.0837633e+02  -4.2293569e+01   1.4276668e-01
   2.0272957e+01  -7.6910981e+01   4.1213275e+01  -7.1519651e+01   7.0558959e+01  -6.0659921e+01   9.9684346e+01  -4.6877721e+01   1.0876366e+02  -4.2949442e+01   1.3768840e-01
   2.0272957e+01  -7.6910981e+01   4.1213275e+01  -7.1519651e+01   7.0647331e+01  -6.0862070e+01   1.0021553e+02  -4.7619234e+01   1.0900404e+02  -4.3664483e+01   1.3262206e-01
   2.0241939e+01  -7.6791174e+01   4.1214137e+01  -7.1616144e+01   7.0845891e+01  -6.1157754e+01   1.0010171e+02  -4.7859052e+01   1.0903918e+02  -4.4081148e+01   1.2856142e-01
   2.0241939e+01  -7.6791174e+01   4.1339606e+01  -7.1403659e+01   7.0845891e+01  -6.1157754e+01   1.0030034e+02  -4.8056330e+01   1.0923654e+02  -4.4182772e+01   1.2631875e-01
   2.0272957e+01  -7.6910981e+01   4.1342547e+01  -7.1601292e+01   7.0967886e+01  -6.1557448e+01   1.0047890e+02  -4.8626275e+01   1.0961252e+02  -4.5011920e+01   1.1844320e-01
   2.0272957e+01  -7.6910981e+01   4.1342547e+01  -7.1601292e+01   7.1056899e+01  -6.1855377e+01   1.0089065e+02  -4.9414220e+01   1.0986638e+02  -4.5649018e+01   1.1472497e-01
   2.0241939e+01  -7.6791174e+01   4.1345488e+01  -7.1798951e+01   7.1061846e+01  -6.2054038e+01   1.0093741e+02  -4.9824019e+01   1.1008604e+02  -4.6336583e+01   1.1076466e-01
   2.0272957e+01  -7.6910981e+01   4.1345488e+01  -7.1798951e+01   7.1145662e+01  -6.2152451e+01   1.0114479e+02  -5.0313186e+01   1.1029311e+02  -4.6729114e+01   1.0776540e-01
   2.0241939e+01  -7.6791174e+01   4.1346360e+01  -7.1895290e+01   7.1269225e+01  -6.2650387e+01   1.0152251e+02  -5.0990013e+01   1.1069348e+02  -4.7684478e+01   1.0467749e-01
   2.0241939e+01  -7.6791174e+01   4.1413579e+01  -7.2111801e+01   7.1274186e+01  -6.2849152e+01   1.0169859e+02  -5.1465866e+01   1.1072228e+02  -4.7905528e+01   1.0165128e-01
   2.0241939e+01  -7.6791174e+01   4.1413579e+01  -7.2111801e+01   7.1475390e+01  -6.3149616e+01   1.0194665e+02  -5.2076457e+01   1.1112392e+02  -4.8772043e+01   9.5106247e-02
   2.0272957e+01  -7.6910981e+01   4.1348429e+01  -7.1996636e+01   7.1481661e+01  -6.3445824e+01   1.0199227e+02  -5.2483249e+01   1.1117971e+02  -4.9301644e+01   9.2975024e-02
   2.0084624e+01  -7.6914354e+01   4.1349307e+01  -7.2092977e+01   7.1561173e+01  -6.3440538e+01   1.0219340e+02  -5.2777255e+01   1.1119696e+02  -4.9788050e+01   9.0726001e-02
   2.0272957e+01  -7.6910981e+01   4.1416527e+01  -7.2309828e+01   7.1684231e+01  -6.3843819e+01   1.0221216e+02  -5.3270700e+01   1.1158180e+02  -5.0261652e+01   8.6626959e-02
   2.0272957e+01  -7.6910981e+01   4.1416527e+01  -7.2309828e+01   7.1692893e+01  -6.4144282e+01   1.0259085e+02  -5.4044867e+01   1.1162641e+02  -5.0965480e+01   8.4151888e-02
   2.0242725e+01  -7.6890348e+01   4.1419476e+01  -7.2507881e+01   7.1812629e+01  -6.4447419e+01   1.0263628e+02  -5.4357395e+01   1.1201718e+02  -5.1541507e+01   7.8584348e-02
   2.0272957e+01  -7.6910981e+01   4.1419476e+01  -7.2507881e+01   7.1893125e+01  -6.4537983e+01   1.0267605e+02  -5.4660222e+01   1.1204877e+02  -5.1948249e+01   7.9769397e-02
   2.0272957e+01  -7.6910981e+01   4.1419476e+01  -7.2507881e+01   7.1901860e+01  -6.4838925e+01   1.0285868e+02  -5.5242244e+01   1.1226135e+02  -5.2442080e+01   7.4342271e-02
   2.0272957e+01  -7.6910981e+01   4.1419476e+01  -7.2507881e+01   7.1906862e+01  -6.5037975e+01   1.0306513e+02  -5.5637655e+01   1.1247148e+02  -5.2931820e+01   6.9770794e-02
   2.0272957e+01  -7.6910981e+01   4.1422425e+01  -7.2705960e+01   7.2105861e+01  -6.5334415e+01   1.0328063e+02  -5.6326147e+01   1.1269424e+02  -5.3717872e+01   6.9386862e-02
   2.0241939e+01  -7.6791174e+01   4.1422425e+01  -7.2705960e+01   7.2113270e+01  -6.5538077e+01   1.0329727e+02  -5.6724427e+01   1.1289414e+02  -5.4297107e+01   6.8072620e-02
   2.0241939e+01  -7.6791174e+01   4.1422425e+01  -7.2705960e+01   7.2114610e+01  -6.5635536e+01   1.0349422e+02  -5.6918864e+01   1.1291187e+02  -5.4403926e+01   6.7103866e-02
   2.0272957e+01  -7.6910981e+01   4.1424583e+01  -7.2807182e+01   7.2119626e+01  -6.5834690e+01   1.0351088e+02  -5.7317313e+01   1.1292965e+02  -5.4800709e+01   6.1052015e-02
   2.0272957e+01  -7.6910981e+01   4.1551436e+01  -7.2785844e+01   7.2317412e+01  -6.6034138e+01   1.0355453e+02  -5.7717020e+01   1.1296764e+02  -5.5398772e+01   5.7491512e-02
   2.0241939e+01  -7.6791174e+01   4.1425374e+01  -7.2904065e+01   7.2327471e+01  -6.6432575e+01   1.0376796e+02  -5.8309449e+01   1.1335572e+02  -5.5882511e+01   5.7957778e-02
   2.0272957e+01  -7.6910981e+01   4.1619077e+01  -7.3003507e+01   7.2451996e+01  -6.6841649e+01   1.0395687e+02  -5.8998731e+01   1.1357668e+02  -5.6959561e+01   4.9172896e-02
   2.0272957e+01  -7.6910981e+01   4.1619876e+01  -7.3100391e+01   7.2535397e+01  -6.7030706e+01   1.0402923e+02  -5.9399730e+01   1.1378807e+02  -5.7452089e+01   4.8502980e-02
   2.0272957e+01  -7.6910981e+01   4.1619876e+01  -7.3100391e+01   7.2544114e+01  -6.7331875e+01   1.0438030e+02  -6.0086308e+01   1.1382717e+02  -5.8052180e+01   4.5119787e-02
   2.0084624e+01  -7.6914354e+01   4.1622839e+01  -7.3298543e+01   7.2627277e+01  -6.7519935e+01   1.0442759e+02  -6.0583274e+01   1.1405069e+02  -5.8841225e+01   4.1322182e-02
   2.0272957e+01  -7.6910981e+01   4.1622839e+01  -7.3298543e+01   7.2748463e+01  -6.7828496e+01   1.0461082e+02  -6.1172386e+01   1.1407514e+02  -5.9138406e+01   4.1021812e-02
   2.0272957e+01  -7.6910981e+01   4.1622839e+01  -7.3298543e+01   7.2753521e+01  -6.8027936e+01   1.0465081e+02  -6.1470779e+01   1.1427234e+02  -5.9626767e+01   3.6168663e-02
   2.0241939e+01  -7.6791174e+01   4.1623748e+01  -7.3395051e+01   7.2762250e+01  -6.8329326e+01   1.0483919e+02  -6.2162552e+01   1.1431375e+02  -6.0320011e+01   3.4080179e-02
   2.0272957e+01  -7.6910981e+01   4.1625802e+01  -7.3496721e+01   7.2763637e+01  -6.8426893e+01   1.0485800e+02  -6.2658907e+01   1.1452696e+02  -6.0816326e+01   3.0110851e-02
   2.0241939e+01  -7.6791174e+01   4.1626716e+01  -7.3593231e+01   7.2772364e+01  -6.8728373e+01   1.0489299e+02  -6.2854519e+01   1.1454220e+02  -6.1209664e+01   2.9150714e-02
   2.0272360e+01  -7.6811298e+01   4.1754538e+01  -7.3575439e+01   7.2971783e+01  -6.9025828e+01   1.0507946e+02  -6.3452247e+01   1.1474790e+02  -6.1898979e+01   2.4525934e-02
   2.0241939e+01  -7.6791174e+01   4.1820344e+01  -7.3693117e+01   7.2980525e+01  -6.9327441e+01   1.0529397e+02  -6.4048114e+01   1.1478575e+02  -6.2493251e+01   1.9747790e-02
   2.0241939e+01  -7.6791174e+01   4.1631730e+01  -7.3893157e+01   7.2987002e+01  -6.9624693e+01   1.0534256e+02  -6.4637165e+01   1.1499771e+02  -6.3378467e+01   1.5208191e-02
   2.0272957e+01  -7.6910981e+01   4.1757509e+01  -7.3773349e+01   7.3068218e+01  -6.9711993e+01   1.0535892e+02  -6.5129046e+01   1.1521432e+02  -6.3973231e+01   1.3572978e-02
   2.0241939e+01  -7.6791174e+01   4.1759655e+01  -7.3874546e+01   7.3193853e+01  -7.0126474e+01   1.0554406e+02  -6.5634575e+01   1.1523453e+02  -6.4468820e+01   1.2726287e-02
   2.0241345e+01  -7.6691643e+01   4.1760479e+01  -7.3971284e+01   7.3198938e+01  -7.0326218e+01   1.0538974e+02  -6.5924819e+01   1.1526232e+02  -6.4859141e+01   8.8614222e-03
   2.0241939e+01  -7.6791174e+01   4.1826298e+01  -7.4089593e+01   7.3204023e+01  -7.0525989e+01   1.0560571e+02  -6.6524057e+01   1.1547121e+02  -6.5559681e+01   4.2721299e-03
   2.0272957e+01  -7.6910981e+01   4.1826298e+01  -7.4089593e+01   7.3209109e+01  -7.0725785e+01   1.0578973e+02  -6.7121471e+01   1.1549251e+02  -6.6148590e+01   2.8850444e-03
   2.0272957e+01  -7.6910981e+01   4.1762621e+01  -7.4072505e+01   7.3214195e+01  -7.0925607e+01   1.0582113e+02  -6.7214024e+01   1.1551719e+02  -6.6440246e+01  -8.6206174e-04
   2.0242725e+01  -7.6890348e+01   4.1829276e+01  -7.4287870e+01   7.3215622e+01  -7.1023271e+01   1.0566174e+02  -6.7400356e+01   1.1552487e+02  -6.6637635e+01   2.0140750e-04
