   2.1053754e+01  -7.6435420e+01   4.1594887e+01  -7.5724013e+01   7.6024271e+01  -7.6201391e+01   1.0908609e+02  -7.5039572e+01   1.1899884e+02  -7.5229835e+01   5.9686996e-04
   2.1055276e+01  -7.6629507e+01   4.1529212e+01  -7.5602730e+01   7.6024271e+01  -7.6201391e+01   1.0908362e+02  -7.4940522e+01   1.1899164e+02  -7.5250885e+01   4.7848614e-03
   2.1054122e+01  -7.6429648e+01   4.1529212e+01  -7.5602730e+01   7.6018987e+01  -7.5999956e+01   1.0907623e+02  -7.4737440e+01   1.1897994e+02  -7.4722064e+01   9.1474522e-03
   2.1053754e+01  -7.6435420e+01   4.1653443e+01  -7.5378030e+01   7.6013704e+01  -7.5798546e+01   1.0905874e+02  -7.4325974e+01   1.1896502e+02  -7.4632419e+01   1.9288430e-02
   2.1086111e+01  -7.6555005e+01   4.1592879e+01  -7.5621768e+01   7.6012152e+01  -7.5700221e+01   1.0904667e+02  -7.3925371e+01   1.1895077e+02  -7.4005597e+01   2.4711089e-02
   2.1086961e+01  -7.6649490e+01   4.1591921e+01  -7.5524930e+01   7.6004612e+01  -7.5493725e+01   1.0903435e+02  -7.3618461e+01   1.1893039e+02  -7.3715907e+01   3.0286891e-02
   2.1053754e+01  -7.6435420e+01   4.1526252e+01  -7.5403966e+01   7.6003139e+01  -7.5395806e+01   1.0902450e+02  -7.3316590e+01   1.1892389e+02  -7.3294328e+01   2.9444437e-02
   2.1053754e+01  -7.6435420e+01   4.1650472e+01  -7.5179614e+01   7.5870491e+01  -7.4871566e+01   1.0882716e+02  -7.2687760e+01   1.1889472e+02  -7.2578490e+01   3.5558770e-02
   2.1086111e+01  -7.6555005e+01   4.1650472e+01  -7.5179614e+01   7.5992575e+01  -7.4993171e+01   1.0899740e+02  -7.2604155e+01   1.1888671e+02  -7.2374721e+01   4.0631452e-02
   2.1086111e+01  -7.6555005e+01   4.1650472e+01  -7.5179614e+01   7.5865222e+01  -7.4670615e+01   1.0898262e+02  -7.2198612e+01   1.1886522e+02  -7.1862588e+01   4.2519167e-02
   2.1086111e+01  -7.6555005e+01   4.1521281e+01  -7.5103195e+01   7.5858419e+01  -7.4371570e+01   1.0876272e+02  -7.1587884e+01   1.1883943e+02  -7.1371280e+01   4.7288957e-02
   2.1086476e+01  -7.6549228e+01   4.1521281e+01  -7.5103195e+01   7.5849417e+01  -7.4067917e+01   1.0874798e+02  -7.1182612e+01   1.1862309e+02  -7.0742294e+01   4.9592887e-02
   2.1086111e+01  -7.6555005e+01   4.1647502e+01  -7.4981224e+01   7.5775648e+01  -7.4089466e+01   1.0873819e+02  -7.0881199e+01   1.1860909e+02  -7.0123584e+01   5.0345529e-02
   2.1053754e+01  -7.6435420e+01   4.1520333e+01  -7.5006517e+01   7.5768096e+01  -7.3883281e+01   1.0871849e+02  -7.0372379e+01   1.1858562e+02  -6.9823799e+01   5.7462991e-02
   2.1054604e+01  -7.6529756e+01   4.1646554e+01  -7.4884705e+01   7.5833615e+01  -7.3465454e+01   1.0870375e+02  -6.9967416e+01   1.1856717e+02  -6.9318124e+01   6.2140923e-02
   2.1086111e+01  -7.6555005e+01   4.1518317e+01  -7.4904509e+01   7.5757559e+01  -7.3481053e+01   1.0851199e+02  -6.9448693e+01   1.1835687e+02  -6.8798096e+01   6.3582758e-02
   2.1054604e+01  -7.6529756e+01   4.1452874e+01  -7.4784714e+01   7.5750845e+01  -7.3182128e+01   1.0849728e+02  -6.9044602e+01   1.1832783e+02  -6.8298550e+01   6.9300589e-02
   2.1086961e+01  -7.6649490e+01   4.1517374e+01  -7.4807832e+01   7.5623934e+01  -7.2862750e+01   1.0845464e+02  -6.8548362e+01   1.1829594e+02  -6.7485851e+01   7.1434255e-02
   2.1086111e+01  -7.6555005e+01   4.1449917e+01  -7.4586371e+01   7.5618681e+01  -7.2662060e+01   1.0843993e+02  -6.8143875e+01   1.1828797e+02  -6.7282741e+01   7.5935105e-02
   2.1085428e+01  -7.6455128e+01   4.1449917e+01  -7.4586371e+01   7.5608176e+01  -7.2260759e+01   1.0824345e+02  -6.7524913e+01   1.1787159e+02  -6.6350654e+01   8.0856840e-02
   2.1086111e+01  -7.6555005e+01   4.1449917e+01  -7.4586371e+01   7.5606671e+01  -7.2162722e+01   1.0823402e+02  -6.7225013e+01   1.1804644e+02  -6.5955974e+01   8.5080371e-02
   2.1054604e+01  -7.6529756e+01   4.1514415e+01  -7.4609174e+01   7.5597673e+01  -7.1859562e+01   1.0821201e+02  -6.6619781e+01   1.1782609e+02  -6.5443799e+01   8.8611413e-02
   2.1053754e+01  -7.6435420e+01   4.1446960e+01  -7.4388054e+01   7.5592422e+01  -7.1659003e+01   1.0819735e+02  -6.6216421e+01   1.1780198e+02  -6.5044364e+01   8.9967283e-02
   2.1086111e+01  -7.6555005e+01   4.1446960e+01  -7.4388054e+01   7.5587171e+01  -7.1458469e+01   1.0798567e+02  -6.5810774e+01   1.1778052e+02  -6.4534659e+01   9.4697281e-02
   2.1086111e+01  -7.6555005e+01   4.1446960e+01  -7.4388054e+01   7.5509378e+01  -7.1373227e+01   1.0797103e+02  -6.5407633e+01   1.1757562e+02  -6.3823344e+01   9.5947369e-02
   2.1086111e+01  -7.6555005e+01   4.1446028e+01  -7.4291537e+01   7.5500298e+01  -7.1069418e+01   1.0792778e+02  -6.4906970e+01   1.1753944e+02  -6.3419953e+01   9.9006892e-02
   2.1086111e+01  -7.6555005e+01   4.1446028e+01  -7.4291537e+01   7.5498880e+01  -7.0971640e+01   1.0773753e+02  -6.4397895e+01   1.1752889e+02  -6.3118552e+01   1.0146288e-01
   2.1086111e+01  -7.6555005e+01   4.1444004e+01  -7.4189763e+01   7.5372433e+01  -7.0656138e+01   1.0770130e+02  -6.4097689e+01   1.1732190e+02  -6.2407093e+01   1.0311180e-01
   2.1086111e+01  -7.6555005e+01   4.1444004e+01  -7.4189763e+01   7.5367197e+01  -7.0455736e+01   1.0771036e+02  -6.3690356e+01   1.1730185e+02  -6.2200928e+01   1.0539452e-01
   2.1086111e+01  -7.6555005e+01   4.1443077e+01  -7.4093248e+01   7.5361961e+01  -7.0255360e+01   1.0749893e+02  -6.3285487e+01   1.1727813e+02  -6.1594714e+01   1.0918431e-01
   2.1086111e+01  -7.6555005e+01   4.1443077e+01  -7.4093248e+01   7.5356726e+01  -7.0055009e+01   1.0748434e+02  -6.2883017e+01   1.1706150e+02  -6.1089752e+01   1.1039261e-01
   2.1053754e+01  -7.6435420e+01   4.1441048e+01  -7.3991499e+01   7.5347657e+01  -6.9751964e+01   1.0744050e+02  -6.2379313e+01   1.1702301e+02  -6.0378658e+01   1.1432698e-01
   2.1086111e+01  -7.6555005e+01   4.1441048e+01  -7.3991499e+01   7.5268174e+01  -6.9566466e+01   1.0724918e+02  -6.1777265e+01   1.1680847e+02  -5.9971677e+01   1.1793184e-01
   2.1086961e+01  -7.6649490e+01   4.1441048e+01  -7.3991499e+01   7.5262940e+01  -6.9365895e+01   1.0723663e+02  -6.1472964e+01   1.1678903e+02  -5.9561648e+01   1.1673936e-01
   2.1085428e+01  -7.6455128e+01   4.1441048e+01  -7.3991499e+01   7.5138311e+01  -6.9150763e+01   1.0703072e+02  -6.1171994e+01   1.1658589e+02  -5.9066159e+01   1.2052022e-01
   2.1053754e+01  -7.6435420e+01   4.1440126e+01  -7.3894985e+01   7.5131700e+01  -6.8853014e+01   1.0683522e+02  -6.0470243e+01   1.1654905e+02  -5.8451117e+01   1.2116195e-01
   2.1086111e+01  -7.6555005e+01   4.1438092e+01  -7.3793261e+01   7.5126480e+01  -6.8652847e+01   1.0679566e+02  -6.0067242e+01   1.1633253e+02  -5.7946579e+01   1.2235369e-01
   2.1086111e+01  -7.6555005e+01   4.1438092e+01  -7.3793261e+01   7.5042886e+01  -6.8363004e+01   1.0657434e+02  -5.9457630e+01   1.1610483e+02  -5.7234992e+01   1.2823448e-01
   2.1086111e+01  -7.6555005e+01   4.1437175e+01  -7.3696749e+01   7.4918631e+01  -6.8149595e+01   1.0656516e+02  -5.9159240e+01   1.1609699e+02  -5.7033251e+01   1.3069401e-01
   2.1086111e+01  -7.6555005e+01   4.1435137e+01  -7.3595049e+01   7.4913423e+01  -6.7949525e+01   1.0652741e+02  -5.8852037e+01   1.1588366e+02  -5.6335477e+01   1.3053123e-01
   2.1085428e+01  -7.6455128e+01   4.1435137e+01  -7.3595049e+01   7.4908215e+01  -6.7749482e+01   1.0633983e+02  -5.8354526e+01   1.1566782e+02  -5.5832544e+01   1.3505604e-01
   2.1086111e+01  -7.6555005e+01   4.1435137e+01  -7.3595049e+01   7.4901639e+01  -6.7451964e+01   1.0629648e+02  -5.7943130e+01   1.1564441e+02  -5.5228913e+01   1.3465861e-01
   2.1086111e+01  -7.6555005e+01   4.1434224e+01  -7.3498538e+01   7.4897800e+01  -6.7349473e+01   1.0611462e+02  -5.7550283e+01   1.1561865e+02  -5.5204304e+01   1.3773651e-01
   2.1086961e+01  -7.6649490e+01   4.1366991e+01  -7.3279649e+01   7.4819132e+01  -6.7258147e+01   1.0607097e+02  -5.7137884e+01   1.1541142e+02  -5.4416328e+01   1.3847491e-01
   2.1086961e+01  -7.6649490e+01   4.1432182e+01  -7.3396863e+01   7.4693897e+01  -6.6949155e+01   1.0606186e+02  -5.6839462e+01   1.1539038e+02  -5.4106495e+01   1.4264384e-01
   2.1086111e+01  -7.6555005e+01   4.1432182e+01  -7.3396863e+01   7.4688703e+01  -6.6749242e+01   1.0585090e+02  -5.6436105e+01   1.1517094e+02  -5.3598199e+01   1.4475751e-01
   2.1086111e+01  -7.6555005e+01   4.1304788e+01  -7.3419605e+01   7.4683510e+01  -6.6549356e+01   1.0566460e+02  -5.5943210e+01   1.1516106e+02  -5.3299047e+01   1.4551295e-01
   2.1086111e+01  -7.6555005e+01   4.1304788e+01  -7.3419605e+01   7.4678317e+01  -6.6349495e+01   1.0562753e+02  -5.5729354e+01   1.1494171e+02  -5.2791076e+01   1.4940160e-01
   2.1086111e+01  -7.6555005e+01   4.1429227e+01  -7.3198704e+01   7.4676966e+01  -6.6252037e+01   1.0562035e+02  -5.5528807e+01   1.1493395e+02  -5.2589938e+01   1.4893672e-01
   2.1054604e+01  -7.6529756e+01   4.1237660e+01  -7.3200524e+01   7.4599357e+01  -6.6256690e+01   1.0544163e+02  -5.5237814e+01   1.1472813e+02  -5.2386569e+01   1.5108439e-01
   2.1086111e+01  -7.6555005e+01   4.1302747e+01  -7.3317790e+01   7.4474511e+01  -6.5949452e+01   1.0540770e+02  -5.5028293e+01   1.1470799e+02  -5.2171229e+01   1.5205032e-01
   2.1054622e+01  -7.6534788e+01   4.1237660e+01  -7.3200524e+01   7.4469332e+01  -6.5749670e+01   1.0519884e+02  -5.4723084e+01   1.1450484e+02  -5.1683382e+01   1.5201883e-01
   2.1053754e+01  -7.6435420e+01   4.1302747e+01  -7.3317790e+01   7.4588975e+01  -6.5856451e+01   1.0519884e+02  -5.4723084e+01   1.1449915e+02  -5.1580193e+01   1.5370203e-01
   2.1086111e+01  -7.6555005e+01   4.1302747e+01  -7.3317790e+01   7.4390077e+01  -6.5655984e+01   1.0500821e+02  -5.4130541e+01   1.1427977e+02  -5.1072678e+01   1.5499345e-01
   2.1086111e+01  -7.6555005e+01   4.1237660e+01  -7.3200524e+01   7.4384900e+01  -6.5455930e+01   1.0499233e+02  -5.3633472e+01   1.1406471e+02  -5.0571287e+01   1.6139451e-01
   2.1086111e+01  -7.6555005e+01   4.1234719e+01  -7.3002384e+01   7.4379722e+01  -6.5255902e+01   1.0478212e+02  -5.3231765e+01   1.1404157e+02  -4.9968889e+01   1.6249089e-01
   2.1053754e+01  -7.6435420e+01   4.1234719e+01  -7.3002384e+01   7.4255265e+01  -6.4950416e+01   1.0474199e+02  -5.2916714e+01   1.1382837e+02  -4.9565313e+01   1.6753577e-01
   2.1085428e+01  -7.6455128e+01   4.1234719e+01  -7.3002384e+01   7.4175717e+01  -6.4855551e+01   1.0456486e+02  -5.2630359e+01   1.1381469e+02  -4.9261358e+01   1.6682727e-01
   2.1086111e+01  -7.6555005e+01   4.1234719e+01  -7.3002384e+01   7.4175717e+01  -6.4855551e+01   1.0453156e+02  -5.2514621e+01   1.1361526e+02  -4.9161880e+01   1.6666359e-01
   2.1053754e+01  -7.6435420e+01   4.1232776e+01  -7.2900398e+01   7.4046460e+01  -6.4351167e+01   1.0434218e+02  -5.1926487e+01   1.1339455e+02  -4.8558020e+01   1.7120662e-01
   2.1086111e+01  -7.6555005e+01   4.1232776e+01  -7.2900398e+01   7.4041309e+01  -6.4151593e+01   1.0429990e+02  -5.1512598e+01   1.1319222e+02  -4.7980462e+01   1.7254148e-01
   2.1086111e+01  -7.6555005e+01   4.1231777e+01  -7.2804272e+01   7.4039995e+01  -6.4054214e+01   1.0411472e+02  -5.0931908e+01   1.1314405e+02  -4.7532157e+01   1.7761854e-01
   2.1086111e+01  -7.6555005e+01   4.1231777e+01  -7.2804272e+01   7.4031007e+01  -6.3752525e+01   1.0370542e+02  -5.0523921e+01   1.1293980e+02  -4.7047709e+01   1.8229798e-01
   2.1053754e+01  -7.6435420e+01   4.1231777e+01  -7.2804272e+01   7.3951170e+01  -6.3655887e+01   1.0366936e+02  -5.0308066e+01   1.1272540e+02  -4.6547863e+01   1.8544893e-01
   2.1086111e+01  -7.6555005e+01   4.1230886e+01  -7.2707767e+01   7.3827464e+01  -6.3353201e+01   1.0348712e+02  -4.9826900e+01   1.1251274e+02  -4.6145439e+01   1.8636589e-01
   2.1086111e+01  -7.6555005e+01   4.1228837e+01  -7.2606185e+01   7.3747331e+01  -6.3255981e+01   1.0327747e+02  -4.9426433e+01   1.1229254e+02  -4.5543007e+01   1.9041261e-01
   2.1053754e+01  -7.6435420e+01   4.1102061e+01  -7.2724324e+01   7.3623976e+01  -6.2953995e+01   1.0323358e+02  -4.9009125e+01   1.1207817e+02  -4.5043512e+01   1.9224424e-01
   2.1053754e+01  -7.6435420e+01   4.1102061e+01  -7.2724324e+01   7.3618853e+01  -6.2754604e+01   1.0302372e+02  -4.8608295e+01   1.1186004e+02  -4.4538979e+01   1.9740694e-01
   2.1086111e+01  -7.6555005e+01   4.1225896e+01  -7.2408124e+01   7.3415435e+01  -6.2355566e+01   1.0263497e+02  -4.7827482e+01   1.1163415e+02  -4.3834528e+01   2.0081308e-01
   2.1085428e+01  -7.6455128e+01   4.1225896e+01  -7.2408124e+01   7.3410325e+01  -6.2156254e+01   1.0262798e+02  -4.7628339e+01   1.1142790e+02  -4.3535776e+01   2.0238985e-01
   2.1086111e+01  -7.6555005e+01   4.1161040e+01  -7.2292482e+01   7.3405215e+01  -6.1956968e+01   1.0258494e+02  -4.7305921e+01   1.1121573e+02  -4.3134376e+01   2.0608166e-01
   2.1086111e+01  -7.6555005e+01   4.1225896e+01  -7.2408124e+01   7.3205707e+01  -6.1660093e+01   1.0220245e+02  -4.6629960e+01   1.1099431e+02  -4.2436135e+01   2.1004064e-01
   2.1053754e+01  -7.6435420e+01   4.1032424e+01  -7.2308020e+01   7.3319390e+01  -6.1658135e+01   1.0216579e+02  -4.6505505e+01   1.1078411e+02  -4.2132337e+01   2.1318599e-01
   2.1053754e+01  -7.6435420e+01   4.1222956e+01  -7.2210090e+01   7.3192892e+01  -6.1256714e+01   1.0177868e+02  -4.5729053e+01   1.1055870e+02  -4.1429269e+01   2.1751093e-01
   2.1085428e+01  -7.6455128e+01   4.1222956e+01  -7.2210090e+01   7.3110679e+01  -6.1059311e+01   1.0156966e+02  -4.5329929e+01   1.1032854e+02  -4.0997393e+01   2.2013355e-01
   2.1053754e+01  -7.6435420e+01   4.1158106e+01  -7.2094763e+01   7.2988436e+01  -6.0761166e+01   1.0152904e+02  -4.5009747e+01   1.1011472e+02  -4.0498926e+01   2.2646065e-01
   2.1086111e+01  -7.6555005e+01   4.1028514e+01  -7.2013880e+01   7.2978273e+01  -6.0362984e+01   1.0111225e+02  -4.4307830e+01   1.0969256e+02  -3.9794333e+01   2.3160953e-01
   2.1086111e+01  -7.6555005e+01   4.1155173e+01  -7.1897070e+01   7.2785240e+01  -6.0362686e+01   1.0110676e+02  -4.4205633e+01   1.0950150e+02  -3.9523921e+01   2.3294683e-01
   2.1053754e+01  -7.6435420e+01   4.1155173e+01  -7.1897070e+01   7.2780171e+01  -6.0163634e+01   1.0092924e+02  -4.3736143e+01   1.0948662e+02  -3.9125440e+01   2.3509590e-01
   2.1053754e+01  -7.6435420e+01   4.1155173e+01  -7.1897070e+01   7.2694688e+01  -5.9959470e+01   1.0068863e+02  -4.3407282e+01   1.0907744e+02  -3.8627412e+01   2.3743026e-01
   2.1086111e+01  -7.6555005e+01   4.1026561e+01  -7.1912017e+01   7.2571989e+01  -5.9566349e+01   1.0047830e+02  -4.2911601e+01   1.0884565e+02  -3.8192205e+01   2.4244489e-01
   2.1086111e+01  -7.6555005e+01   4.1025588e+01  -7.1815893e+01   7.2571989e+01  -5.9566349e+01   1.0030331e+02  -4.2541111e+01   1.0865348e+02  -3.7731336e+01   2.4692304e-01
   2.1053754e+01  -7.6435420e+01   4.1025588e+01  -7.1815893e+01   7.2491272e+01  -5.9560617e+01   1.0026394e+02  -4.2410747e+01   1.0864610e+02  -3.7532335e+01   2.4710376e-01
   2.1086961e+01  -7.6649490e+01   4.1025588e+01  -7.1815893e+01   7.2373972e+01  -5.9367126e+01   1.0026257e+02  -4.2314069e+01   1.0862672e+02  -3.7592699e+01   2.4617226e-01
   2.1086111e+01  -7.6555005e+01   4.1025588e+01  -7.1815893e+01   7.2368930e+01  -5.9168205e+01   1.0008662e+02  -4.1848188e+01   1.0825119e+02  -3.6873428e+01   2.4837179e-01
   2.1086961e+01  -7.6649490e+01   4.1025588e+01  -7.1815893e+01   7.2365054e+01  -5.9066193e+01   9.9886373e+01  -4.1745086e+01   1.0822390e+02  -3.6733765e+01   2.5487678e-01
   2.1053754e+01  -7.6435420e+01   4.1025588e+01  -7.1815893e+01   7.2365054e+01  -5.9066193e+01   9.9886373e+01  -4.1745086e+01   1.0822531e+02  -3.6830510e+01   2.5327109e-01
   2.1053754e+01  -7.6435420e+01   4.1025588e+01  -7.1815893e+01   7.2485046e+01  -5.9264319e+01   1.0006061e+02  -4.2114087e+01   1.0841527e+02  -3.7192710e+01   2.4904796e-01
   2.1053754e+01  -7.6435420e+01   4.1025588e+01  -7.1815893e+01   7.2368930e+01  -5.9168205e+01   1.0006197e+02  -4.2210755e+01   1.0841669e+02  -3.7289634e+01   2.4211228e-01
   2.1053754e+01  -7.6435420e+01   4.1025588e+01  -7.1815893e+01   7.2490099e+01  -5.9463562e+01   1.0043068e+02  -4.2485445e+01   1.0862672e+02  -3.7592699e+01   2.3840328e-01
   2.1053754e+01  -7.6435420e+01   4.1026561e+01  -7.1912017e+01   7.2571989e+01  -5.9566349e+01   1.0063600e+02  -4.2879750e+01   1.0903647e+02  -3.8091258e+01   2.3291901e-01
   2.1086111e+01  -7.6555005e+01   4.1026561e+01  -7.1912017e+01   7.2770035e+01  -5.9765609e+01   1.0084530e+02  -4.3279321e+01   1.0922964e+02  -3.8553555e+01   2.2207578e-01
   2.1054604e+01  -7.6529756e+01   4.1028514e+01  -7.2013880e+01   7.2815424e+01  -6.0159433e+01   1.0085769e+02  -4.3580766e+01   1.0944596e+02  -3.8959922e+01   2.1782331e-01
   2.1086111e+01  -7.6555005e+01   4.1028514e+01  -7.2013880e+01   7.2974381e+01  -6.0260853e+01   1.0123155e+02  -4.4052809e+01   1.0965383e+02  -3.9355862e+01   2.0977392e-01
   2.1054604e+01  -7.6529756e+01   4.1093259e+01  -7.2129255e+01   7.2979464e+01  -6.0459912e+01   1.0131593e+02  -4.4605008e+01   1.1005480e+02  -4.0120340e+01   2.0216622e-01
   2.1053754e+01  -7.6435420e+01   4.1222956e+01  -7.2210090e+01   7.3110679e+01  -6.1059311e+01   1.0187514e+02  -4.5654510e+01   1.1049249e+02  -4.1131197e+01   1.9081661e-01
   2.1086111e+01  -7.6555005e+01   4.1222956e+01  -7.2210090e+01   7.3305273e+01  -6.1156727e+01   1.0207967e+02  -4.5952939e+01   1.1070685e+02  -4.1631259e+01   1.8032672e-01
   2.1055276e+01  -7.6629507e+01   4.1222956e+01  -7.2210090e+01   7.3432158e+01  -6.1558580e+01   1.0226398e+02  -4.6434197e+01   1.1110615e+02  -4.2108956e+01   1.7809977e-01
   2.1053754e+01  -7.6435420e+01   4.1288010e+01  -7.2325775e+01   7.3437277e+01  -6.1758434e+01   1.0249854e+02  -4.6658286e+01   1.1113696e+02  -4.2442337e+01   1.7078294e-01
   2.1086111e+01  -7.6555005e+01   4.1225896e+01  -7.2408124e+01   7.3517941e+01  -6.1858015e+01   1.0271027e+02  -4.7156957e+01   1.1153634e+02  -4.3111885e+01   1.6630465e-01
   2.1086111e+01  -7.6555005e+01   4.1290957e+01  -7.2524126e+01   7.3840210e+01  -6.2358814e+01   1.0310262e+02  -4.8037635e+01   1.1178583e+02  -4.3950593e+01   1.6057325e-01
   2.1086961e+01  -7.6649490e+01   4.1290957e+01  -7.2524126e+01   7.3850502e+01  -6.2758760e+01   1.0332048e+02  -4.8640670e+01   1.1219244e+02  -4.4726577e+01   1.5379499e-01
   2.1086476e+01  -7.6549228e+01   4.1293904e+01  -7.2722502e+01   7.3851735e+01  -6.2856075e+01   1.0336117e+02  -4.8865537e+01   1.1240623e+02  -4.5131039e+01   1.4776054e-01
   2.1086111e+01  -7.6555005e+01   4.1293904e+01  -7.2722502e+01   7.3931811e+01  -6.2954036e+01   1.0354225e+02  -4.9249381e+01   1.1241989e+02  -4.5435957e+01   1.4528404e-01
   2.1086961e+01  -7.6649490e+01   4.1293904e+01  -7.2722502e+01   7.3860795e+01  -6.3158810e+01   1.0374942e+02  -4.9646892e+01   1.1263378e+02  -4.5840659e+01   1.4282188e-01
   2.1086111e+01  -7.6555005e+01   4.1293904e+01  -7.2722502e+01   7.4064960e+01  -6.3559313e+01   1.0414314e+02  -5.0436870e+01   1.1304896e+02  -4.6725857e+01   1.3755788e-01
   2.1086961e+01  -7.6649490e+01   4.1422425e+01  -7.2705960e+01   7.4189454e+01  -6.3863300e+01   1.0418580e+02  -5.0854739e+01   1.1328360e+02  -4.7257259e+01   1.3026266e-01
   2.1086111e+01  -7.6555005e+01   4.1422425e+01  -7.2705960e+01   7.4269180e+01  -6.3959934e+01   1.0436889e+02  -5.1243176e+01   1.1329129e+02  -4.7458921e+01   1.2933785e-01
   2.1086111e+01  -7.6555005e+01   4.1423318e+01  -7.2802463e+01   7.4399215e+01  -6.4465146e+01   1.0458763e+02  -5.1848652e+01   1.1370798e+02  -4.8347820e+01   1.2612968e-01
   2.1086111e+01  -7.6555005e+01   4.1423318e+01  -7.2802463e+01   7.4404401e+01  -6.4665694e+01   1.0479932e+02  -5.2253048e+01   1.1392439e+02  -4.8852311e+01   1.2072680e-01
   2.1086111e+01  -7.6555005e+01   4.1424317e+01  -7.2898588e+01   7.4483833e+01  -6.4761143e+01   1.0484113e+02  -5.2668600e+01   1.1413919e+02  -4.9258811e+01   1.1825431e-01
   2.1053754e+01  -7.6435420e+01   4.1426272e+01  -7.3000570e+01   7.4494210e+01  -6.5161718e+01   1.0524025e+02  -5.3660637e+01   1.1438514e+02  -5.0474902e+01   1.1415980e-01
   2.1086111e+01  -7.6555005e+01   4.1426272e+01  -7.3000570e+01   7.4623316e+01  -6.5571295e+01   1.0545640e+02  -5.4071745e+01   1.1459562e+02  -5.1068612e+01   1.0615060e-01
   2.1086111e+01  -7.6555005e+01   4.1491656e+01  -7.3117515e+01   7.4698598e+01  -6.5562785e+01   1.0546359e+02  -5.4273357e+01   1.1461394e+02  -5.1188640e+01   1.0461476e-01
   2.1054604e+01  -7.6529756e+01   4.1428324e+01  -7.3102196e+01   7.4703800e+01  -6.5763164e+01   1.0549736e+02  -5.4484976e+01   1.1482698e+02  -5.1497329e+01   1.0461124e-01
   2.1053754e+01  -7.6435420e+01   4.1428324e+01  -7.3102196e+01   7.4825486e+01  -6.5967864e+01   1.0550455e+02  -5.4686323e+01   1.1483683e+02  -5.1798498e+01   1.0521457e-01
   2.1086476e+01  -7.6549228e+01   4.1494617e+01  -7.3315965e+01   7.4834632e+01  -6.6271785e+01   1.0590217e+02  -5.5487393e+01   1.1506764e+02  -5.2611347e+01   1.0311535e-01
   2.1086111e+01  -7.6555005e+01   4.1494617e+01  -7.3315965e+01   7.4839847e+01  -6.6472569e+01   1.0593902e+02  -5.5702917e+01   1.1528084e+02  -5.2920423e+01   9.6495551e-02
   2.1053754e+01  -7.6435420e+01   4.1429227e+01  -7.3198704e+01   7.4918690e+01  -6.6565345e+01   1.0612327e+02  -5.6192807e+01   1.1529858e+02  -5.3424684e+01   9.5905420e-02
   2.1086111e+01  -7.6555005e+01   4.1494617e+01  -7.3315965e+01   7.5044686e+01  -6.6874620e+01   1.0634115e+02  -5.6702556e+01   1.1551262e+02  -5.4122986e+01   9.0760781e-02
   2.1053754e+01  -7.6435420e+01   4.1497578e+01  -7.3514441e+01   7.5049916e+01  -6.7075483e+01   1.0635008e+02  -5.7002543e+01   1.1572243e+02  -5.4427192e+01   9.0617147e-02
   2.1086111e+01  -7.6555005e+01   4.1497578e+01  -7.3514441e+01   7.5128462e+01  -6.7167371e+01   1.0638822e+02  -5.7314130e+01   1.1576182e+02  -5.4761373e+01   8.7635671e-02
   2.1086983e+01  -7.6654524e+01   4.1497578e+01  -7.3514441e+01   7.5060375e+01  -6.7477288e+01   1.0655726e+02  -5.7911860e+01   1.1595793e+02  -5.5248680e+01   8.4228541e-02
   2.1086111e+01  -7.6555005e+01   4.1497578e+01  -7.3514441e+01   7.5138923e+01  -6.7568576e+01   1.0658791e+02  -5.8020571e+01   1.1578536e+02  -5.5369565e+01   8.2822294e-02
   2.1053754e+01  -7.6435420e+01   4.1497578e+01  -7.3514441e+01   7.5138923e+01  -6.7568576e+01   1.0659518e+02  -5.8222721e+01   1.1598433e+02  -5.5664491e+01   8.3281392e-02
   2.1053754e+01  -7.6435420e+01   4.1499626e+01  -7.3616276e+01   7.5070836e+01  -6.7879198e+01   1.0680237e+02  -5.8525350e+01   1.1620192e+02  -5.6171799e+01   8.2876341e-02
   2.1053754e+01  -7.6435420e+01   4.1500540e+01  -7.3712943e+01   7.5270555e+01  -6.8080611e+01   1.0682420e+02  -5.9132086e+01   1.1623369e+02  -5.6689986e+01   7.7605611e-02
   2.1085428e+01  -7.6455128e+01   4.1500540e+01  -7.3712943e+01   7.5275799e+01  -6.8281632e+01   1.0685977e+02  -5.9342533e+01   1.1644518e+02  -5.7196430e+01   7.5893090e-02
   2.1053754e+01  -7.6435420e+01   4.1500540e+01  -7.3712943e+01   7.5279654e+01  -6.8384673e+01   1.0705949e+02  -5.9442927e+01   1.1644738e+02  -5.7295355e+01   7.3568644e-02
   2.1053754e+01  -7.6435420e+01   4.1626716e+01  -7.3593231e+01   7.5476884e+01  -6.8580758e+01   1.0705142e+02  -5.9943542e+01   1.1666522e+02  -5.7803289e+01   7.4042104e-02
   2.1054604e+01  -7.6529756e+01   4.1693443e+01  -7.3807401e+01   7.5364543e+01  -6.8773250e+01   1.0727146e+02  -6.0552984e+01   1.1688798e+02  -5.8615721e+01   7.0622724e-02
   2.1086111e+01  -7.6555005e+01   4.1503502e+01  -7.3911472e+01   7.5495191e+01  -6.9189530e+01   1.0731569e+02  -6.1062043e+01   1.1692085e+02  -5.9230505e+01   6.7889009e-02
   2.1086111e+01  -7.6555005e+01   4.1629685e+01  -7.3791437e+01   7.5505705e+01  -6.9591900e+01   1.0754591e+02  -6.1878527e+01   1.1715400e+02  -5.9954264e+01   6.3899344e-02
   2.1053754e+01  -7.6435420e+01   4.1631730e+01  -7.3893157e+01   7.5585072e+01  -6.9777954e+01   1.0756280e+02  -6.2382042e+01   1.1718147e+02  -6.0462683e+01   5.8141322e-02
   2.1053754e+01  -7.6435420e+01   4.1506464e+01  -7.4110026e+01   7.5468800e+01  -6.9865245e+01   1.0777016e+02  -6.2685171e+01   1.1719734e+02  -6.0869664e+01   5.6828773e-02
   2.1054604e+01  -7.6529756e+01   4.1506464e+01  -7.4110026e+01   7.5599439e+01  -7.0282912e+01   1.0797629e+02  -6.3599868e+01   1.1762895e+02  -6.1893782e+01   5.6292870e-02
   2.1086111e+01  -7.6555005e+01   4.1508498e+01  -7.4211936e+01   7.5677165e+01  -7.0369915e+01   1.0801024e+02  -6.3804084e+01   1.1765094e+02  -6.2201358e+01   4.9824119e-02
   2.1053754e+01  -7.6435420e+01   4.1509427e+01  -7.4308608e+01   7.5611378e+01  -7.0782869e+01   1.0803227e+02  -6.4411998e+01   1.1768879e+02  -6.2914942e+01   4.6830304e-02
   2.1086111e+01  -7.6555005e+01   4.1635623e+01  -7.4187928e+01   7.5625741e+01  -7.1288185e+01   1.0825989e+02  -6.5225262e+01   1.1791493e+02  -6.3834645e+01   4.3213219e-02
   2.1086983e+01  -7.6654524e+01   4.1637659e+01  -7.4289697e+01   7.5703471e+01  -7.1373689e+01   1.0829756e+02  -6.5623840e+01   1.1793891e+02  -6.4238152e+01   4.0927465e-02
   2.1086111e+01  -7.6555005e+01   4.1511457e+01  -7.4410542e+01   7.5832120e+01  -7.1788902e+01   1.0831228e+02  -6.6028934e+01   1.1796256e+02  -6.4640165e+01   4.0337480e-02
   2.1054604e+01  -7.6529756e+01   4.1638592e+01  -7.4386212e+01   7.5841236e+01  -7.2093341e+01   1.0851478e+02  -6.6751752e+01   1.1818979e+02  -6.5468697e+01   3.5673394e-02
   2.1086111e+01  -7.6555005e+01   4.1638592e+01  -7.4386212e+01   7.5846512e+01  -7.2294579e+01   1.0855241e+02  -6.7148711e+01   1.1820845e+02  -6.5975865e+01   3.1112006e-02
   2.1053754e+01  -7.6435420e+01   4.1514415e+01  -7.4609174e+01   7.5851788e+01  -7.2495844e+01   1.0857216e+02  -6.7658054e+01   1.1843792e+02  -6.6695044e+01   2.9081354e-02
   2.1053754e+01  -7.6435420e+01   4.1707301e+01  -7.4703996e+01   7.5930668e+01  -7.2677389e+01   1.0876723e+02  -6.8274915e+01   1.1826403e+02  -6.7190638e+01   2.5911240e-02
   2.1053754e+01  -7.6435420e+01   4.1707301e+01  -7.4703996e+01   7.5935947e+01  -7.2878386e+01   1.0880433e+02  -6.8669542e+01   1.1829319e+02  -6.7693081e+01   2.0725006e-02
   2.1054622e+01  -7.6534788e+01   4.1643589e+01  -7.4686342e+01   7.5945056e+01  -7.3182607e+01   1.0882197e+02  -6.9080723e+01   1.1850678e+02  -6.8217860e+01   1.4468624e-02
   2.1086111e+01  -7.6555005e+01   4.1644531e+01  -7.4782861e+01   7.5950334e+01  -7.3383676e+01   1.0885923e+02  -6.9474060e+01   1.1852553e+02  -6.8725129e+01   1.2524224e-02
   2.1053754e+01  -7.6435420e+01   4.1644531e+01  -7.4782861e+01   7.6149855e+01  -7.3585264e+01   1.0885392e+02  -6.9991915e+01   1.1874511e+02  -6.9451779e+01   7.0199337e-03
   2.1054604e+01  -7.6529756e+01   4.1520333e+01  -7.5006517e+01   7.5960892e+01  -7.3785893e+01   1.0888354e+02  -7.0180874e+01   1.1876567e+02  -6.9748185e+01   3.3331869e-03
   2.1086111e+01  -7.6555005e+01   4.1646554e+01  -7.4884705e+01   7.6032820e+01  -7.3666741e+01   1.0888877e+02  -7.0285115e+01   1.1896164e+02  -6.9863652e+01   4.4044123e-04
   2.1054604e+01  -7.6529756e+01   4.1712305e+01  -7.5004654e+01   7.5960892e+01  -7.3785893e+01   1.0889375e+02  -7.0388995e+01   1.1877368e+02  -6.9952254e+01  -1.0032338e-03
   2.1054604e+01  -7.6529756e+01   4.1646554e+01  -7.4884705e+01   7.5966172e+01  -7.3987040e+01   1.0889616e+02  -7.0487943e+01   1.1877617e+02  -7.0051481e+01   1.0154152e-03
   2.1053754e+01  -7.6435420e+01   4.1646554e+01  -7.4884705e+01   7.5966172e+01  -7.3987040e+01   1.0889616e+02  -7.0487943e+01   1.1877890e+02  -7.0056745e+01   2.1031080e-03
   2.1053754e+01  -7.6435420e+01   4.1585988e+01  -7.5126845e+01   7.5966172e+01  -7.3987040e+01   1.0889616e+02  -7.0487943e+01   1.1877890e+02  -7.0056745e+01   7.2666670e-04
   2.1086111e+01  -7.6555005e+01   4.1712305e+01  -7.5004654e+01   7.5966172e+01  -7.3987040e+01   1.0889616e+02  -7.0487943e+01   1.1878169e+02  -7.0156349e+01   2.2253508e-03
   2.1086111e+01  -7.6555005e+01   4.1646554e+01  -7.4884705e+01   7.5966172e+01  -7.3987040e+01   1.0890113e+02  -7.0591838e+01   1.1877718e+02  -7.0269330e+01   2.3256462e-04
   2.1086111e+01  -7.6555005e+01   4.1646554e+01  -7.4884705e+01   7.5966172e+01  -7.3987040e+01   1.0890355e+02  -7.0690797e+01   1.1878169e+02  -7.0156349e+01   1.0871210e-03
   2.1086111e+01  -7.6555005e+01   4.1712305e+01  -7.5004654e+01   7.5966172e+01  -7.3987040e+01   1.0890113e+02  -7.0591838e+01   1.1878169e+02  -7.0156349e+01   3.2042899e-03
   2.1086111e+01  -7.6555005e+01   4.1712305e+01  -7.5004654e+01   7.5966172e+01  -7.3987040e+01   1.0889616e+02  -7.0487943e+01   1.1878169e+02  -7.0156349e+01   2.2709037e-03
   2.1086961e+01  -7.6649490e+01   4.1646554e+01  -7.4884705e+01   7.5960892e+01  -7.3785893e+01   1.0889375e+02  -7.0388995e+01   1.1877089e+02  -6.9852663e+01   2.7629496e-03
   2.1053754e+01  -7.6435420e+01   4.1710277e+01  -7.4902650e+01   7.5955613e+01  -7.3584771e+01   1.0887400e+02  -6.9879536e+01   1.1874511e+02  -6.9451779e+01   1.2101706e-02
   2.1086111e+01  -7.6555005e+01   4.1518317e+01  -7.4904509e+01   7.5828348e+01  -7.3264686e+01   1.0867641e+02  -6.9256155e+01   1.1872562e+02  -6.8728225e+01   2.7690494e-02
   2.1086111e+01  -7.6555005e+01   4.1644531e+01  -7.4782861e+01   7.6016982e+01  -7.3064433e+01   1.0864870e+02  -6.9164675e+01   1.1851964e+02  -6.8311917e+01   3.1477147e-02
   2.1086111e+01  -7.6555005e+01   4.1643589e+01  -7.4686342e+01   7.5939778e+01  -7.2981564e+01   1.0862944e+02  -6.8562074e+01   1.1829600e+02  -6.7698334e+01   3.8175172e-02
   2.1177227e+01  -7.6194065e+01   4.1515353e+01  -7.4705849e+01   7.5934501e+01  -7.2780547e+01   1.0861471e+02  -6.8156944e+01   1.1827481e+02  -6.7187304e+01   4.6541656e-02
   2.1054604e+01  -7.6529756e+01   4.1515353e+01  -7.4705849e+01   7.5807285e+01  -7.2461872e+01   1.0844060e+02  -6.7527371e+01   1.1825330e+02  -6.6676083e+01   4.9663802e-02
   2.1086111e+01  -7.6555005e+01   4.1514415e+01  -7.4609174e+01   7.5724522e+01  -7.2177178e+01   1.0839056e+02  -6.6827209e+01   1.1821899e+02  -6.5764130e+01   5.8204883e-02
   2.1086961e+01  -7.6649490e+01   4.1638592e+01  -7.4386212e+01   7.5713996e+01  -7.1775381e+01   1.0834570e+02  -6.6229128e+01   1.1799320e+02  -6.4844489e+01   6.3276014e-02
   2.1053754e+01  -7.6435420e+01   4.1572134e+01  -7.4171067e+01   7.5708733e+01  -7.1574522e+01   1.0815206e+02  -6.5618218e+01   1.1796374e+02  -6.4339320e+01   7.1805227e-02
   2.1085428e+01  -7.6455128e+01   4.1509427e+01  -7.4308608e+01   7.5576671e+01  -7.1057481e+01   1.0810605e+02  -6.5111800e+01   1.1774642e+02  -6.3625399e+01   7.6916076e-02
   2.1086111e+01  -7.6555005e+01   4.1635623e+01  -7.4187928e+01   7.5572840e+01  -7.0954643e+01   1.0792251e+02  -6.4803303e+01   1.1772694e+02  -6.3420306e+01   8.0957692e-02
   2.1086111e+01  -7.6555005e+01   4.1635623e+01  -7.4187928e+01   7.5566172e+01  -7.0656597e+01   1.0787711e+02  -6.4202895e+01   1.1750775e+02  -6.2609816e+01   8.5106964e-02
   2.1086111e+01  -7.6555005e+01   4.1508498e+01  -7.4211936e+01   7.5483135e+01  -7.0369456e+01   1.0767410e+02  -6.3389196e+01   1.1727154e+02  -6.1693372e+01   8.8692550e-02
   2.1086111e+01  -7.6555005e+01   4.1441048e+01  -7.3991499e+01   7.5477888e+01  -7.0168781e+01   1.0766477e+02  -6.3089591e+01   1.1724680e+02  -6.1288490e+01   9.1137311e-02
   2.1086111e+01  -7.6555005e+01   4.1441048e+01  -7.3991499e+01   7.5346256e+01  -6.9654387e+01   1.0744103e+02  -6.2285844e+01   1.1703023e+02  -6.0486144e+01   9.8118579e-02
   2.1054604e+01  -7.6529756e+01   4.1440126e+01  -7.3894985e+01   7.5337185e+01  -6.9351433e+01   1.0739455e+02  -6.1776108e+01   1.1680059e+02  -5.9769565e+01   1.0492968e-01
   2.1053754e+01  -7.6435420e+01   4.1440126e+01  -7.3894985e+01   7.5259102e+01  -6.9263067e+01   1.0719977e+02  -6.1168840e+01   1.1677696e+02  -5.9163381e+01   1.0590551e-01
   2.1086111e+01  -7.6555005e+01   4.1437175e+01  -7.3696749e+01   7.5122644e+01  -6.8550241e+01   1.0679258e+02  -6.0062124e+01   1.1653111e+02  -5.7949136e+01   1.1269422e-01
   2.1053754e+01  -7.6435420e+01   4.1437175e+01  -7.3696749e+01   7.5121260e+01  -6.8452705e+01   1.0678337e+02  -5.9763617e+01   1.1632480e+02  -5.7450914e+01   1.1764664e-01
   2.1086111e+01  -7.6555005e+01   4.1435137e+01  -7.3595049e+01   7.5110822e+01  -6.8052501e+01   1.0673648e+02  -5.9158036e+01   1.1628281e+02  -5.6930389e+01   1.1777317e-01
   2.1086111e+01  -7.6555005e+01   4.1434224e+01  -7.3498538e+01   7.4913423e+01  -6.7949525e+01   1.0651657e+02  -5.8645362e+01   1.1587585e+02  -5.6134170e+01   1.2268262e-01
   2.1086111e+01  -7.6555005e+01   4.1434224e+01  -7.3498538e+01   7.4906844e+01  -6.7651974e+01   1.0650764e+02  -5.8346961e+01   1.1585157e+02  -5.5820894e+01   1.2704226e-01
   2.1053754e+01  -7.6435420e+01   4.1432182e+01  -7.3396863e+01   7.4901639e+01  -6.7451964e+01   1.0630178e+02  -5.8046254e+01   1.1583593e+02  -5.5417811e+01   1.2710063e-01
   2.1053754e+01  -7.6435420e+01   4.1366991e+01  -7.3279649e+01   7.4817767e+01  -6.7160500e+01   1.0607097e+02  -5.7137884e+01   1.1558952e+02  -5.4495455e+01   1.3033891e-01
   2.1054604e+01  -7.6529756e+01   4.1431274e+01  -7.3300354e+01   7.4692539e+01  -6.6851676e+01   1.0603570e+02  -5.6832575e+01   1.1538532e+02  -5.3909761e+01   1.3680943e-01
   2.1086111e+01  -7.6555005e+01   4.1429227e+01  -7.3198704e+01   7.4683510e+01  -6.6549356e+01   1.0566094e+02  -5.5937595e+01   1.1496124e+02  -5.3004940e+01   1.3799418e-01
   2.1053754e+01  -7.6435420e+01   4.1302747e+01  -7.3317790e+01   7.4676966e+01  -6.6252037e+01   1.0562035e+02  -5.5528807e+01   1.1493395e+02  -5.2589938e+01   1.4274856e-01
   2.1054622e+01  -7.6534788e+01   4.1237660e+01  -7.3200524e+01   7.4479690e+01  -6.6149261e+01   1.0561317e+02  -5.5328286e+01   1.1473636e+02  -5.2205107e+01   1.4615384e-01
   2.1053754e+01  -7.6435420e+01   4.1237660e+01  -7.3200524e+01   7.4474511e+01  -6.5949452e+01   1.0542731e+02  -5.4837505e+01   1.1469453e+02  -5.1866491e+01   1.4626779e-01
   2.1053754e+01  -7.6435420e+01   4.1237660e+01  -7.3200524e+01   7.4467992e+01  -6.5652233e+01   1.0521508e+02  -5.4338017e+01   1.1448705e+02  -5.1183397e+01   1.4829076e-01
   2.1086111e+01  -7.6555005e+01   4.1236759e+01  -7.3104015e+01   7.4344905e+01  -6.5443791e+01   1.0517738e+02  -5.4121944e+01   1.1427802e+02  -5.0975184e+01   1.5317438e-01
   2.1086111e+01  -7.6555005e+01   4.1236759e+01  -7.3104015e+01   7.4458974e+01  -6.5350184e+01   1.0499233e+02  -5.3633472e+01   1.1405873e+02  -5.0467924e+01   1.5284406e-01
   2.1086111e+01  -7.6555005e+01   4.1299799e+01  -7.3119335e+01   7.4374545e+01  -6.5055900e+01   1.0477499e+02  -5.3031872e+01   1.1402824e+02  -4.9951212e+01   1.5897765e-01
   2.1086111e+01  -7.6555005e+01   4.1234719e+01  -7.3002384e+01   7.4369369e+01  -6.4855925e+01   1.0456486e+02  -5.2630359e+01   1.1381298e+02  -4.9163960e+01   1.6213946e-01
   2.0929499e+01  -7.6678270e+01   4.1231777e+01  -7.2804272e+01   7.4174392e+01  -6.4757990e+01   1.0472593e+02  -5.2418970e+01   1.1379934e+02  -4.9145043e+01   1.6300336e-01
   2.1086111e+01  -7.6555005e+01   4.1296851e+01  -7.2920905e+01   7.4170554e+01  -6.4655602e+01   1.0437414e+02  -5.1946065e+01   1.1359792e+02  -4.8663019e+01   1.6384701e-01
   2.1053754e+01  -7.6435420e+01   4.1231777e+01  -7.2804272e+01   7.4041309e+01  -6.4151593e+01   1.0413065e+02  -5.1428378e+01   1.1317886e+02  -4.7677586e+01   1.7054295e-01
   2.1086111e+01  -7.6555005e+01   4.1231777e+01  -7.2804272e+01   7.4034846e+01  -6.3854674e+01   1.0408256e+02  -5.0911037e+01   1.1313639e+02  -4.7331436e+01   1.7127532e-01
   2.1086111e+01  -7.6555005e+01   4.1228837e+01  -7.2606185e+01   7.3949862e+01  -6.3558369e+01   1.0383632e+02  -5.0293091e+01   1.1289496e+02  -4.6601662e+01   1.7731489e-01
   2.1053754e+01  -7.6435420e+01   4.1102061e+01  -7.2724324e+01   7.3822327e+01  -6.3153758e+01   1.0344350e+02  -4.9410091e+01   1.1229254e+02  -4.5543007e+01   1.8427115e-01
   2.1053754e+01  -7.6435420e+01   4.1228837e+01  -7.2606185e+01   7.3699036e+01  -6.2852415e+01   1.0326341e+02  -4.9027728e+01   1.1208576e+02  -4.5243591e+01   1.8793007e-01
   2.1086111e+01  -7.6555005e+01   4.1099127e+01  -7.2525941e+01   7.3613730e+01  -6.2555239e+01   1.0301671e+02  -4.8408729e+01   1.1185818e+02  -4.4441600e+01   1.9378103e-01
   2.1053754e+01  -7.6435420e+01   4.1099127e+01  -7.2525941e+01   7.3604705e+01  -6.2253573e+01   1.0279993e+02  -4.7808607e+01   1.1163258e+02  -4.3737420e+01   1.9795276e-01
   2.1053754e+01  -7.6435420e+01   4.1225896e+01  -7.2408124e+01   7.3405215e+01  -6.1956968e+01   1.0258326e+02  -4.7208761e+01   1.1139575e+02  -4.3107945e+01   2.0313956e-01
   2.1053754e+01  -7.6435420e+01   4.1222956e+01  -7.2210090e+01   7.3277551e+01  -6.1458802e+01   1.0216725e+02  -4.6602384e+01   1.1080177e+02  -4.2161737e+01   2.0609268e-01
   2.1086111e+01  -7.6555005e+01   4.1158106e+01  -7.2094763e+01   7.3197990e+01  -6.1455903e+01   1.0198777e+02  -4.6128311e+01   1.1058862e+02  -4.1664587e+01   2.1279504e-01
   2.1086111e+01  -7.6555005e+01   4.1222956e+01  -7.2210090e+01   7.3191689e+01  -6.1159761e+01   1.0174692e+02  -4.5705628e+01   1.1053891e+02  -4.1301340e+01   2.1537025e-01
   2.1086111e+01  -7.6555005e+01   4.1093259e+01  -7.2129255e+01   7.2984547e+01  -6.0658996e+01   1.0135379e+02  -4.4732205e+01   1.0992343e+02  -4.0227637e+01   2.2134212e-01
   2.1086111e+01  -7.6555005e+01   4.1028514e+01  -7.2013880e+01   7.2785240e+01  -6.0362686e+01   1.0111064e+02  -4.4210830e+01   1.0969083e+02  -3.9697072e+01   2.2657382e-01
   2.1053754e+01  -7.6435420e+01   4.1093259e+01  -7.2129255e+01   7.2780171e+01  -6.0163634e+01   1.0093613e+02  -4.3934738e+01   1.0949285e+02  -3.9228002e+01   2.3416500e-01
   2.1053754e+01  -7.6435420e+01   4.1025588e+01  -7.1815893e+01   7.2578221e+01  -5.9862232e+01   1.0085219e+02  -4.3478478e+01   1.0907600e+02  -3.8530576e+01   2.3854212e-01
   2.1053754e+01  -7.6435420e+01   4.1025588e+01  -7.1815893e+01   7.2452035e+01  -5.9368006e+01   1.0030331e+02  -4.2541111e+01   1.0865348e+02  -3.7731336e+01   2.4241634e-01
   2.1086111e+01  -7.6555005e+01   4.1025588e+01  -7.1815893e+01   7.2373972e+01  -5.9367126e+01   1.0009481e+02  -4.2143033e+01   1.0844233e+02  -3.7331924e+01   2.5102479e-01
   2.1086111e+01  -7.6555005e+01   4.1025588e+01  -7.1815893e+01   7.2363889e+01  -5.8969310e+01   1.0004830e+02  -4.1813459e+01   1.0822531e+02  -3.6830510e+01   2.5231567e-01
   2.1086111e+01  -7.6555005e+01   4.1025588e+01  -7.1815893e+01   7.2365054e+01  -5.9066193e+01   9.9851876e+01  -4.1715529e+01   1.0822390e+02  -3.6733765e+01   2.5436593e-01
   2.1085428e+01  -7.6455128e+01   4.1025588e+01  -7.1815893e+01   7.2486217e+01  -5.9361367e+01   1.0006061e+02  -4.2114087e+01   1.0859250e+02  -3.7254054e+01   2.5298140e-01
   2.1086111e+01  -7.6555005e+01   4.1090326e+01  -7.1930951e+01   7.2486217e+01  -5.9361367e+01   1.0025709e+02  -4.2212055e+01   1.0861934e+02  -3.7393404e+01   2.4102809e-01
   2.1086111e+01  -7.6555005e+01   4.1025588e+01  -7.1815893e+01   7.2568107e+01  -5.9464298e+01   1.0030331e+02  -4.2541111e+01   1.0882488e+02  -3.7691089e+01   2.3699355e-01
   2.1086111e+01  -7.6555005e+01   4.1026561e+01  -7.1912017e+01   7.2770035e+01  -5.9765609e+01   1.0085219e+02  -4.3478478e+01   1.0925556e+02  -3.8691021e+01   2.2684723e-01
   2.1053754e+01  -7.6435420e+01   4.1218050e+01  -7.1910223e+01   7.2775103e+01  -5.9964609e+01   1.0085219e+02  -4.3478478e+01   1.0944024e+02  -3.8857474e+01   2.1307776e-01
   2.1086111e+01  -7.6555005e+01   4.1155173e+01  -7.1897070e+01   7.2896972e+01  -6.0261359e+01   1.0123155e+02  -4.4052809e+01   1.0965808e+02  -3.9361160e+01   2.1014424e-01
   2.1086961e+01  -7.6649490e+01   4.1028514e+01  -7.2013880e+01   7.3100492e+01  -6.0660432e+01   1.0145523e+02  -4.4852700e+01   1.1026473e+02  -4.0327999e+01   2.0277399e-01
   2.1086111e+01  -7.6555005e+01   4.1094239e+01  -7.2225535e+01   7.3300164e+01  -6.0957267e+01   1.0203572e+02  -4.5626805e+01   1.1066789e+02  -4.1096053e+01   1.8864802e-01
   2.1086111e+01  -7.6555005e+01   4.1222956e+01  -7.2210090e+01   7.3309175e+01  -6.1259100e+01   1.0208520e+02  -4.6055617e+01   1.1071285e+02  -4.1734323e+01   1.7776210e-01
   2.1053754e+01  -7.6435420e+01   4.1222956e+01  -7.2210090e+01   7.3430883e+01  -6.1460982e+01   1.0242570e+02  -4.6407901e+01   1.1110615e+02  -4.2108956e+01   1.7470802e-01
   2.1086111e+01  -7.6555005e+01   4.1222956e+01  -7.2210090e+01   7.3514036e+01  -6.1755582e+01   1.0250700e+02  -4.6955442e+01   1.1132890e+02  -4.2811437e+01   1.6863742e-01
   2.1086111e+01  -7.6555005e+01   4.1223940e+01  -7.2306214e+01   7.3641288e+01  -6.2158546e+01   1.0289040e+02  -4.7537854e+01   1.1173926e+02  -4.3591589e+01   1.6250754e-01
   2.1086111e+01  -7.6555005e+01   4.1290957e+01  -7.2524126e+01   7.3721657e+01  -6.2257542e+01   1.0310262e+02  -4.8037635e+01   1.1197111e+02  -4.4121046e+01   1.5680769e-01
   2.1086111e+01  -7.6555005e+01   4.1290957e+01  -7.2524126e+01   7.3851735e+01  -6.2856075e+01   1.0335691e+02  -4.8859641e+01   1.1221549e+02  -4.4952900e+01   1.5061919e-01
   2.1053754e+01  -7.6435420e+01   4.1293904e+01  -7.2722502e+01   7.3934423e+01  -6.2959092e+01   1.0371326e+02  -4.9428422e+01   1.1261075e+02  -4.5614736e+01   1.4341207e-01
   2.1242219e+01  -7.6432136e+01   4.1293904e+01  -7.2722502e+01   7.3940872e+01  -6.3256328e+01   1.0375497e+02  -4.9750069e+01   1.1282090e+02  -4.6014618e+01   1.4215124e-01
   2.1053754e+01  -7.6435420e+01   4.1420364e+01  -7.2604382e+01   7.4143429e+01  -6.3558729e+01   1.0414847e+02  -5.0540013e+01   1.1306947e+02  -4.6852068e+01   1.3532782e-01
   2.1086111e+01  -7.6555005e+01   4.1420364e+01  -7.2604382e+01   7.4265258e+01  -6.3857137e+01   1.0418580e+02  -5.0854739e+01   1.1327111e+02  -4.7333600e+01   1.2987408e-01
   2.1053754e+01  -7.6435420e+01   4.1423318e+01  -7.2802463e+01   7.4276800e+01  -6.4354486e+01   1.0460966e+02  -5.1759076e+01   1.1370337e+02  -4.8341711e+01   1.2751701e-01
   2.1053754e+01  -7.6435420e+01   4.1423318e+01  -7.2802463e+01   7.4478645e+01  -6.4560895e+01   1.0480466e+02  -5.2356343e+01   1.1392463e+02  -4.9139494e+01   1.1871982e-01
   2.1086961e+01  -7.6649490e+01   4.1423318e+01  -7.2802463e+01   7.4483833e+01  -6.4761143e+01   1.0501108e+02  -5.2657581e+01   1.1414522e+02  -4.9362882e+01   1.1443604e-01
   2.1086111e+01  -7.6555005e+01   4.1425374e+01  -7.2904065e+01   7.4614260e+01  -6.5267870e+01   1.0523888e+02  -5.3563075e+01   1.1438821e+02  -5.0191442e+01   1.1617773e-01
   2.1086961e+01  -7.6649490e+01   4.1491656e+01  -7.3117515e+01   7.4620737e+01  -6.5566078e+01   1.0545640e+02  -5.4071745e+01   1.1460412e+02  -5.0887593e+01   1.0705964e-01
   2.1054604e+01  -7.6529756e+01   4.1426272e+01  -7.3000570e+01   7.4625940e+01  -6.5766763e+01   1.0549736e+02  -5.4484976e+01   1.1482302e+02  -5.1491652e+01   1.0503610e-01
   2.1086111e+01  -7.6555005e+01   4.1493713e+01  -7.3219301e+01   7.4833275e+01  -6.6173858e+01   1.0586656e+02  -5.5177894e+01   1.1504552e+02  -5.2295556e+01   1.0183452e-01
   2.1086111e+01  -7.6555005e+01   4.1429227e+01  -7.3198704e+01   7.4908258e+01  -6.6164403e+01   1.0590939e+02  -5.5689199e+01   1.1526557e+02  -5.2901755e+01   9.8586130e-02
   2.1086111e+01  -7.6555005e+01   4.1494617e+01  -7.3315965e+01   7.4917329e+01  -6.6467565e+01   1.0596677e+02  -5.5808921e+01   1.1529076e+02  -5.3221874e+01   9.6418325e-02
   2.1053754e+01  -7.6435420e+01   4.1494617e+01  -7.3315965e+01   7.4923907e+01  -6.6765856e+01   1.0631742e+02  -5.6794172e+01   1.1551969e+02  -5.3936862e+01   9.2806304e-02
   2.1053754e+01  -7.6435420e+01   4.1622839e+01  -7.3298543e+01   7.5007731e+01  -6.7058298e+01   1.0636290e+02  -5.7308554e+01   1.1574515e+02  -5.4646788e+01   9.0264948e-02
   2.1086111e+01  -7.6555005e+01   4.1688537e+01  -7.3415958e+01   7.5059001e+01  -6.7379318e+01   1.0639379e+02  -5.7417982e+01   1.1576085e+02  -5.5052828e+01   8.5193080e-02
   2.1085428e+01  -7.6455128e+01   4.1497578e+01  -7.3514441e+01   7.5138923e+01  -6.7568576e+01   1.0677008e+02  -5.8318834e+01   1.1618999e+02  -5.5771221e+01   8.5579237e-02
   2.1053754e+01  -7.6435420e+01   4.1625802e+01  -7.3496721e+01   7.5265311e+01  -6.7879616e+01   1.0680965e+02  -5.8727570e+01   1.1621606e+02  -5.6185728e+01   7.9260008e-02
   2.1053754e+01  -7.6435420e+01   4.1500540e+01  -7.3712943e+01   7.5153236e+01  -6.8072743e+01   1.0684718e+02  -5.9036858e+01   1.1642560e+02  -5.6783996e+01   7.7158408e-02
   2.1086111e+01  -7.6555005e+01   4.1626716e+01  -7.3593231e+01   7.5355369e+01  -6.8469218e+01   1.0707407e+02  -5.9847009e+01   1.1667269e+02  -5.7710110e+01   7.2732258e-02
   2.1053754e+01  -7.6435420e+01   4.1502583e+01  -7.3814803e+01   7.5364543e+01  -6.8773250e+01   1.0729179e+02  -6.0357126e+01   1.1669447e+02  -5.8220999e+01   7.0143094e-02
   2.1053754e+01  -7.6435420e+01   4.1502583e+01  -7.3814803e+01   7.5369789e+01  -6.8974049e+01   1.0730639e+02  -6.0761458e+01   1.1690873e+02  -5.8829161e+01   6.5756242e-02
   2.1053754e+01  -7.6435420e+01   4.1503502e+01  -7.3911472e+01   7.5375035e+01  -6.9174875e+01   1.0734522e+02  -6.1165785e+01   1.1693249e+02  -5.9439982e+01   6.6272712e-02
   2.1086111e+01  -7.6555005e+01   4.1569118e+01  -7.4030050e+01   7.5501853e+01  -6.9488742e+01   1.0754286e+02  -6.1873368e+01   1.1696670e+02  -5.9851882e+01   6.2542944e-02
   2.1053754e+01  -7.6435420e+01   4.1505541e+01  -7.4013356e+01   7.5585072e+01  -6.9777954e+01   1.0756280e+02  -6.2382042e+01   1.1718712e+02  -6.0567190e+01   6.0428145e-02
   2.1053754e+01  -7.6435420e+01   4.1572087e+01  -7.4228922e+01   7.5588922e+01  -6.9880985e+01   1.0774853e+02  -6.2786278e+01   1.1739743e+02  -6.0872358e+01   5.5402163e-02
   2.1086111e+01  -7.6555005e+01   4.1631730e+01  -7.3893157e+01   7.5588922e+01  -6.9880985e+01   1.0774853e+02  -6.2786278e+01   1.1739743e+02  -6.0872358e+01   5.8015191e-02
   2.1053754e+01  -7.6435420e+01   4.1506464e+01  -7.4110026e+01   7.5600854e+01  -7.0380825e+01   1.0779950e+02  -6.3495170e+01   1.1743485e+02  -6.1791260e+01   5.5522837e-02
   2.1086111e+01  -7.6555005e+01   4.1508498e+01  -7.4211936e+01   7.5678581e+01  -7.0467674e+01   1.0803352e+02  -6.3799882e+01   1.1765326e+02  -6.2300430e+01   4.9451007e-02
   2.1086111e+01  -7.6555005e+01   4.1508498e+01  -7.4211936e+01   7.5683844e+01  -7.0668383e+01   1.0802493e+02  -6.4209334e+01   1.1767714e+02  -6.2911689e+01   4.7108558e-02
   2.1086111e+01  -7.6555005e+01   4.1508498e+01  -7.4211936e+01   7.5615219e+01  -7.0885997e+01   1.0806083e+02  -6.4510801e+01   1.1788265e+02  -6.3225470e+01   4.6704411e-02
   2.1086111e+01  -7.6555005e+01   4.1509427e+01  -7.4308608e+01   7.5694370e+01  -7.1069880e+01   1.0825989e+02  -6.5225262e+01   1.1791729e+02  -6.3933816e+01   4.3977903e-02
   2.1086111e+01  -7.6555005e+01   4.1577092e+01  -7.4529916e+01   7.5826844e+01  -7.1587735e+01   1.0830284e+02  -6.5727890e+01   1.1794689e+02  -6.4441816e+01   3.9483379e-02
   2.1054622e+01  -7.6534788e+01   4.1704324e+01  -7.4505368e+01   7.5832120e+01  -7.1788902e+01   1.0849710e+02  -6.6340586e+01   1.1817092e+02  -6.5055872e+01   3.6729281e-02
   2.1054604e+01  -7.6529756e+01   4.1638592e+01  -7.4386212e+01   7.5719259e+01  -7.1976267e+01   1.0835806e+02  -6.6535033e+01   1.1819778e+02  -6.5462778e+01   3.2508343e-02
   2.1054622e+01  -7.6534788e+01   4.1640623e+01  -7.4488007e+01   7.5846512e+01  -7.2294579e+01   1.0855742e+02  -6.7252526e+01   1.1822171e+02  -6.6073388e+01   2.8947962e-02
   2.1053754e+01  -7.6435420e+01   4.1640623e+01  -7.4488007e+01   7.5923947e+01  -7.2378593e+01   1.0859497e+02  -6.7648223e+01   1.1843507e+02  -6.6689790e+01   2.7725633e-02
   2.1086961e+01  -7.6649490e+01   4.1707301e+01  -7.4703996e+01   7.5934501e+01  -7.2780547e+01   1.0859665e+02  -6.8365518e+01   1.1847482e+02  -6.7402649e+01   2.3015714e-02
   2.1086111e+01  -7.6555005e+01   4.1580996e+01  -7.4825698e+01   7.5939778e+01  -7.2981564e+01   1.0880433e+02  -6.8669542e+01   1.1848555e+02  -6.7705856e+01   1.7957515e-02
   2.1086111e+01  -7.6555005e+01   4.1709333e+01  -7.4805975e+01   7.5941227e+01  -7.3079409e+01   1.0881697e+02  -6.8976777e+01   1.1869701e+02  -6.8226228e+01   1.5358640e-02
   2.1087635e+01  -7.6749395e+01   4.1644531e+01  -7.4782861e+01   7.5950334e+01  -7.3383676e+01   1.0884653e+02  -6.9788835e+01   1.1873363e+02  -6.8932165e+01   1.1140287e-02
   2.1053754e+01  -7.6435420e+01   4.1710277e+01  -7.4902650e+01   7.5955613e+01  -7.3584771e+01   1.0887400e+02  -6.9879536e+01   1.1874687e+02  -6.9240572e+01   5.9227243e-03
   2.1053754e+01  -7.6435420e+01   4.1646554e+01  -7.4884705e+01   7.6031289e+01  -7.3568649e+01   1.0888138e+02  -7.0082313e+01   1.1875766e+02  -6.9544141e+01   6.9560836e-04
   2.1086111e+01  -7.6555005e+01   4.1520333e+01  -7.5006517e+01   7.6032820e+01  -7.3666741e+01   1.0886871e+02  -7.0398150e+01   1.1876567e+02  -6.9748185e+01   2.8225410e-04
   2.1021497e+01  -7.6316195e+01   4.1712305e+01  -7.5004654e+01   7.5960892e+01  -7.3785893e+01   1.0889375e+02  -7.0388995e+01   1.1876114e+02  -6.9860502e+01  -2.8017710e-04
   2.1021497e+01  -7.6316195e+01   4.1583967e+01  -7.5024676e+01   7.5960892e+01  -7.3785893e+01   1.0888877e+02  -7.0285115e+01   1.1876567e+02  -6.9748185e+01  -4.6277554e-04
   2.1086111e+01  -7.6555005e+01   4.1520333e+01  -7.5006517e+01   7.5960892e+01  -7.3785893e+01   1.0890877e+02  -7.0172446e+01   1.1877089e+02  -6.9852663e+01  -9.0675207e-04
   2.1053754e+01  -7.6435420e+01   4.1646554e+01  -7.4884705e+01   7.5962349e+01  -7.3883763e+01   1.0889375e+02  -7.0388995e+01   1.1877368e+02  -6.9952254e+01  -9.3103023e-04
   2.1053754e+01  -7.6435420e+01   4.1712305e+01  -7.5004654e+01   7.6032820e+01  -7.3666741e+01   1.0889093e+02  -7.0383687e+01   1.1877368e+02  -6.9952254e+01   5.6732611e-04
   2.1053754e+01  -7.6435420e+01   4.1646554e+01  -7.4884705e+01   7.5964639e+01  -7.3888779e+01   1.0889616e+02  -7.0487943e+01   1.1877368e+02  -6.9952254e+01   3.6869092e-04
   2.1086111e+01  -7.6555005e+01   4.1712305e+01  -7.5004654e+01   7.5966172e+01  -7.3987040e+01   1.0889616e+02  -7.0487943e+01   1.1876916e+02  -7.0064903e+01   2.1808747e-04
   2.1053754e+01  -7.6435420e+01   4.1712305e+01  -7.5004654e+01   7.5962349e+01  -7.3883763e+01   1.0889616e+02  -7.0487943e+01   1.1877368e+02  -6.9952254e+01   9.9833967e-04
   2.1086111e+01  -7.6555005e+01   4.1712305e+01  -7.5004654e+01   7.5966172e+01  -7.3987040e+01   1.0889616e+02  -7.0487943e+01   1.1877368e+02  -6.9952254e+01   8.3340292e-04
   2.1086111e+01  -7.6555005e+01   4.1585988e+01  -7.5126845e+01   7.5966172e+01  -7.3987040e+01   1.0889616e+02  -7.0487943e+01   1.1877368e+02  -6.9952254e+01  -3.3848863e-04
   2.1053754e+01  -7.6435420e+01   4.1646554e+01  -7.4884705e+01   7.5964639e+01  -7.3888779e+01   1.0889616e+02  -7.0487943e+01   1.1877890e+02  -7.0056745e+01   9.2484042e-05
   2.1053754e+01  -7.6435420e+01   4.1585988e+01  -7.5126845e+01   7.5966172e+01  -7.3987040e+01   1.0889616e+02  -7.0487943e+01   1.1877368e+02  -6.9952254e+01  -2.1897067e-03
   2.1054622e+01  -7.6534788e+01   4.1520333e+01  -7.5006517e+01   7.5966172e+01  -7.3987040e+01   1.0890113e+02  -7.0591838e+01   1.1877890e+02  -7.0056745e+01   4.9086883e-04
   2.1086111e+01  -7.6555005e+01   4.1585988e+01  -7.5126845e+01   7.5966172e+01  -7.3987040e+01   1.0889616e+02  -7.0487943e+01   1.1878169e+02  -7.0156349e+01   1.0794165e-03
   2.1086111e+01  -7.6555005e+01   4.1646554e+01  -7.4884705e+01   7.5966172e+01  -7.3987040e+01   1.0889616e+02  -7.0487943e+01   1.1878169e+02  -7.0156349e+01  -1.0457510e-03
   2.1053754e+01  -7.6435420e+01   4.1521281e+01  -7.5103195e+01   7.5966172e+01  -7.3987040e+01   1.0891616e+02  -7.0374947e+01   1.1878169e+02  -7.0156349e+01   1.4748317e-03
   2.1053754e+01  -7.6435420e+01   4.1712305e+01  -7.5004654e+01   7.5966172e+01  -7.3987040e+01   1.0892113e+02  -7.0478677e+01   1.1878169e+02  -7.0156349e+01   1.0479986e-03
   2.1086111e+01  -7.6555005e+01   4.1646554e+01  -7.4884705e+01   7.5966172e+01  -7.3987040e+01   1.0890113e+02  -7.0591838e+01   1.1878169e+02  -7.0156349e+01  -3.1765179e-03
   2.1053754e+01  -7.6435420e+01   4.1712305e+01  -7.5004654e+01   7.5966172e+01  -7.3987040e+01   1.0891832e+02  -7.0473369e+01   1.1878169e+02  -7.0156349e+01  -9.4659667e-04
   2.1086111e+01  -7.6555005e+01   4.1712305e+01  -7.5004654e+01   7.5966172e+01  -7.3987040e+01   1.0890355e+02  -7.0690797e+01   1.1878169e+02  -7.0156349e+01   9.1097546e-04
   2.1086961e+01  -7.6649490e+01   4.1646554e+01  -7.4884705e+01   7.5966172e+01  -7.3987040e+01   1.0890355e+02  -7.0690797e+01   1.1878169e+02  -7.0156349e+01  -1.9353453e-03
   2.1086111e+01  -7.6555005e+01   4.1520333e+01  -7.5006517e+01   7.5966172e+01  -7.3987040e+01   1.0890355e+02  -7.0690797e+01   1.1878169e+02  -7.0156349e+01  -1.0724565e-03
   2.1086111e+01  -7.6555005e+01   4.1647502e+01  -7.4981224e+01   7.5966172e+01  -7.3987040e+01   1.0890355e+02  -7.0690797e+01   1.1878169e+02  -7.0156349e+01  -1.6992508e-04
   2.1086111e+01  -7.6555005e+01   4.1646554e+01  -7.4884705e+01   7.5966172e+01  -7.3987040e+01   1.0890355e+02  -7.0690797e+01   1.1878419e+02  -7.0255588e+01   1.3015532e-03
   2.1086111e+01  -7.6555005e+01   4.1712305e+01  -7.5004654e+01   7.5966172e+01  -7.3987040e+01   1.0890355e+02  -7.0690797e+01   1.1878169e+02  -7.0156349e+01  -1.2070586e-03
   2.1086111e+01  -7.6555005e+01   4.1646554e+01  -7.4884705e+01   7.5966172e+01  -7.3987040e+01   1.0888349e+02  -7.0804490e+01   1.1878169e+02  -7.0156349e+01   1.8569834e-03
   2.1086961e+01  -7.6649490e+01   4.1647502e+01  -7.4981224e+01   7.5969916e+01  -7.4089946e+01   1.0890355e+02  -7.0690797e+01   1.1878619e+02  -7.0043737e+01   1.3761882e-03
   2.1053754e+01  -7.6435420e+01   4.1646554e+01  -7.4884705e+01   7.5966172e+01  -7.3987040e+01   1.0890113e+02  -7.0591838e+01   1.1878169e+02  -7.0156349e+01   1.1385709e-03
   2.1053754e+01  -7.6435420e+01   4.1712305e+01  -7.5004654e+01   7.5966172e+01  -7.3987040e+01   1.0872346e+02  -7.0476105e+01   1.1878169e+02  -7.0156349e+01  -7.5631438e-04
   2.1086111e+01  -7.6555005e+01   4.1712305e+01  -7.5004654e+01   7.5966172e+01  -7.3987040e+01   1.0889616e+02  -7.0487943e+01   1.1877368e+02  -6.9952254e+01   6.9871245e-04
   2.1086111e+01  -7.6555005e+01   4.1646554e+01  -7.4884705e+01   7.5960892e+01  -7.3785893e+01   1.0888877e+02  -7.0285115e+01   1.1876567e+02  -6.9748185e+01   6.1654310e-03
   2.1053754e+01  -7.6435420e+01   4.1710277e+01  -7.4902650e+01   7.5955613e+01  -7.3584771e+01   1.0886876e+02  -6.9775326e+01   1.1854084e+02  -6.8917426e+01   1.3477694e-02
   2.1053754e+01  -7.6435420e+01   4.1644531e+01  -7.4782861e+01   7.5948808e+01  -7.3285437e+01   1.0867427e+02  -6.9157800e+01   1.1852240e+02  -6.8411248e+01   2.8006600e-02
   2.1209673e+01  -7.6312921e+01   4.1517374e+01  -7.4807832e+01   7.5943532e+01  -7.3084375e+01   1.0881458e+02  -6.8877759e+01   1.1850063e+02  -6.7805212e+01   3.6079931e-02
   2.1086961e+01  -7.6649490e+01   4.1515353e+01  -7.4705849e+01   7.5807285e+01  -7.2461872e+01   1.0860234e+02  -6.7850710e+01   1.1825886e+02  -6.6780555e+01   4.5944225e-02
   2.1086111e+01  -7.6555005e+01   4.1514415e+01  -7.4609174e+01   7.5731224e+01  -7.2475940e+01   1.0841787e+02  -6.7537339e+01   1.1825088e+02  -6.6577218e+01   5.6227656e-02
   2.1053754e+01  -7.6435420e+01   4.1640623e+01  -7.4488007e+01   7.5724522e+01  -7.2177178e+01   1.0822668e+02  -6.7023244e+01   1.1823223e+02  -6.6071439e+01   5.5830589e-02
   2.1053754e+01  -7.6435420e+01   4.1511457e+01  -7.4410542e+01   7.5713996e+01  -7.1775381e+01   1.0819002e+02  -6.6014780e+01   1.1799557e+02  -6.5151655e+01   6.5256290e-02
   2.1086111e+01  -7.6555005e+01   4.1637659e+01  -7.4289697e+01   7.5585675e+01  -7.1360462e+01   1.0815206e+02  -6.5618218e+01   1.1796607e+02  -6.4343880e+01   7.1306756e-02
   2.1054622e+01  -7.6534788e+01   4.1444004e+01  -7.4189763e+01   7.5498880e+01  -7.0971640e+01   1.0791313e+02  -6.4503435e+01   1.1771666e+02  -6.3118756e+01   7.9028651e-02
   2.1086961e+01  -7.6649490e+01   4.1444004e+01  -7.4189763e+01   7.5562337e+01  -7.0553798e+01   1.0790054e+02  -6.4198085e+01   1.1750214e+02  -6.2505800e+01   8.4561749e-02
   2.1086111e+01  -7.6555005e+01   4.1443077e+01  -7.4093248e+01   7.5488383e+01  -7.0570158e+01   1.0770832e+02  -6.3592458e+01   1.1747769e+02  -6.2101950e+01   8.8063432e-02
   2.1086111e+01  -7.6555005e+01   4.1506464e+01  -7.4110026e+01   7.5472641e+01  -6.9968131e+01   1.0745509e+02  -6.2782278e+01   1.1704668e+02  -6.0985327e+01   9.4622574e-02
   2.1086111e+01  -7.6555005e+01   4.1440126e+01  -7.3894985e+01   7.5346256e+01  -6.9654387e+01   1.0743849e+02  -6.2281332e+01   1.1701348e+02  -6.0376715e+01   9.9357192e-02
   2.1055276e+01  -7.6629507e+01   4.1440126e+01  -7.3894985e+01   7.5262940e+01  -6.9365895e+01   1.0723241e+02  -6.1277095e+01   1.1678736e+02  -5.9369998e+01   1.0345329e-01
   2.1054604e+01  -7.6529756e+01   4.1437175e+01  -7.3696749e+01   7.5133088e+01  -6.8950563e+01   1.0701092e+02  -6.0666898e+01   1.1656454e+02  -5.8559264e+01   1.1086200e-01
   2.1086111e+01  -7.6555005e+01   4.1437175e+01  -7.3696749e+01   7.5126480e+01  -6.8652847e+01   1.0697178e+02  -6.0263831e+01   1.1653897e+02  -5.8151010e+01   1.1260884e-01
   2.1086111e+01  -7.6555005e+01   4.1435137e+01  -7.3595049e+01   7.5044268e+01  -6.8460693e+01   1.0674787e+02  -5.9555038e+01   1.1630333e+02  -5.7237507e+01   1.1740322e-01
   2.1053754e+01  -7.6435420e+01   4.1435137e+01  -7.3595049e+01   7.5110822e+01  -6.8052501e+01   1.0637971e+02  -5.8759385e+01   1.1607914e+02  -5.6531747e+01   1.2065238e-01
   2.1053754e+01  -7.6435420e+01   4.1434224e+01  -7.3498538e+01   7.4906844e+01  -6.7651974e+01   1.0630684e+02  -5.8149084e+01   1.1584699e+02  -5.5624510e+01   1.2474298e-01
   2.1053754e+01  -7.6435420e+01   4.1432182e+01  -7.3396863e+01   7.4704285e+01  -6.7349059e+01   1.0610933e+02  -5.7447357e+01   1.1562197e+02  -5.5012428e+01   1.2916336e-01
   2.1086111e+01  -7.6555005e+01   4.1432182e+01  -7.3396863e+01   7.4812564e+01  -6.6960243e+01   1.0605656e+02  -5.6736432e+01   1.1538470e+02  -5.4003114e+01   1.2948785e-01
   2.1054622e+01  -7.6534788e+01   4.1305696e+01  -7.3516272e+01   7.4687348e+01  -6.6651770e+01   1.0584371e+02  -5.6235460e+01   1.1515349e+02  -5.3482616e+01   1.3951220e-01
   2.1086961e+01  -7.6649490e+01   4.1429227e+01  -7.3198704e+01   7.4678317e+01  -6.6349495e+01   1.0565930e+02  -5.5840413e+01   1.1495944e+02  -5.2907494e+01   1.4156713e-01
   2.1086961e+01  -7.6649490e+01   4.1429227e+01  -7.3198704e+01   7.4678317e+01  -6.6349495e+01   1.0564494e+02  -5.5439938e+01   1.1493395e+02  -5.2589938e+01   1.4194918e-01
   2.1086111e+01  -7.6555005e+01   4.1364043e+01  -7.3081805e+01   7.4474511e+01  -6.5949452e+01   1.0542893e+02  -5.4934637e+01   1.1471440e+02  -5.2081988e+01   1.4490923e-01
   2.1086111e+01  -7.6555005e+01   4.1363141e+01  -7.2985454e+01   7.4469332e+01  -6.5749670e+01   1.0521138e+02  -5.4332452e+01   1.1449140e+02  -5.1379224e+01   1.4944491e-01
   2.1086961e+01  -7.6649490e+01   4.1363141e+01  -7.2985454e+01   7.4462815e+01  -6.5452484e+01   1.0518269e+02  -5.4224758e+01   1.1447096e+02  -5.1162465e+01   1.5152470e-01
   2.1053754e+01  -7.6435420e+01   4.1234719e+01  -7.3002384e+01   7.4333243e+01  -6.4947747e+01   1.0478212e+02  -5.3231765e+01   1.1404157e+02  -4.9968889e+01   1.5625509e-01
   2.1086111e+01  -7.6555005e+01   4.1234719e+01  -7.3002384e+01   7.4251359e+01  -6.4847830e+01   1.0476233e+02  -5.2729187e+01   1.1382239e+02  -4.9462032e+01   1.6044923e-01
   2.1086111e+01  -7.6555005e+01   4.1299799e+01  -7.3119335e+01   7.4250100e+01  -6.4750764e+01   1.0455775e+02  -5.2430549e+01   1.1379934e+02  -4.9145043e+01   1.6369899e-01
   2.1086111e+01  -7.6555005e+01   4.1233822e+01  -7.2905878e+01   7.4239771e+01  -6.4351539e+01   1.0434771e+02  -5.2029230e+01   1.1358022e+02  -4.8637996e+01   1.6286243e-01
   2.1053754e+01  -7.6435420e+01   4.1296851e+01  -7.2920905e+01   7.4045144e+01  -6.4253780e+01   1.0433173e+02  -5.1532562e+01   1.1337725e+02  -4.8059363e+01   1.6819931e-01
   2.1053754e+01  -7.6435420e+01   4.1231777e+01  -7.2804272e+01   7.4034846e+01  -6.3854674e+01   1.0408256e+02  -5.0911037e+01   1.1294579e+02  -4.7150781e+01   1.7352784e-01
   2.1086111e+01  -7.6555005e+01   4.1229830e+01  -7.2702311e+01   7.3903454e+01  -6.3347852e+01   1.0386686e+02  -5.0406816e+01   1.1272540e+02  -4.6547863e+01   1.7785323e-01
   2.1053075e+01  -7.6335696e+01   4.1228837e+01  -7.2606185e+01   7.3823562e+01  -6.3250774e+01   1.0345380e+02  -4.9804119e+01   1.1250512e+02  -4.5945231e+01   1.8459011e-01
   2.1053754e+01  -7.6435420e+01   4.1228837e+01  -7.2606185e+01   7.3704161e+01  -6.3051510e+01   1.0343819e+02  -4.9307678e+01   1.1229254e+02  -4.5543007e+01   1.8539605e-01
   2.1086111e+01  -7.6555005e+01   4.1102061e+01  -7.2724324e+01   7.3618853e+01  -6.2754604e+01   1.0322655e+02  -4.8809502e+01   1.1207245e+02  -4.4940860e+01   1.8713706e-01
   2.1086111e+01  -7.6555005e+01   4.1099127e+01  -7.2525941e+01   7.3537139e+01  -6.2559023e+01   1.0297415e+02  -4.8086823e+01   1.1182846e+02  -4.4112402e+01   1.9282249e-01
   2.1086111e+01  -7.6555005e+01   4.1099127e+01  -7.2525941e+01   7.3528183e+01  -6.2257207e+01   1.0262798e+02  -4.7628339e+01   1.1161011e+02  -4.3607464e+01   1.9988299e-01
   2.1086111e+01  -7.6555005e+01   4.1099127e+01  -7.2525941e+01   7.3405215e+01  -6.1956968e+01   1.0258494e+02  -4.7305921e+01   1.1141280e+02  -4.3136126e+01   2.0061938e-01
   2.1086111e+01  -7.6555005e+01   4.1223940e+01  -7.2306214e+01   7.3398832e+01  -6.1660416e+01   1.0236835e+02  -4.6706317e+01   1.1099431e+02  -4.2436135e+01   2.0498884e-01
   2.1086111e+01  -7.6555005e+01   4.1096193e+01  -7.2327585e+01   7.3191689e+01  -6.1159761e+01   1.0177725e+02  -4.5632371e+01   1.1055719e+02  -4.1332287e+01   2.1305353e-01
   2.1086111e+01  -7.6555005e+01   4.1157231e+01  -7.1998420e+01   7.2993518e+01  -6.0960295e+01   1.0173305e+02  -4.5307339e+01   1.1032105e+02  -4.0797605e+01   2.1864579e-01
   2.1086111e+01  -7.6555005e+01   4.1028514e+01  -7.2013880e+01   7.2984547e+01  -6.0658996e+01   1.0135500e+02  -4.4828609e+01   1.0992343e+02  -4.0227637e+01   2.2383025e-01
   2.1053754e+01  -7.6435420e+01   4.1028514e+01  -7.2013880e+01   7.2785240e+01  -6.0362686e+01   1.0110536e+02  -4.4108869e+01   1.0970437e+02  -3.9628070e+01   2.2779407e-01
   2.1053754e+01  -7.6435420e+01   4.1028514e+01  -7.2013880e+01   7.2893079e+01  -6.0159085e+01   1.0089627e+02  -4.3709647e+01   1.0928737e+02  -3.8930403e+01   2.3284382e-01
   2.1086111e+01  -7.6555005e+01   4.1153213e+01  -7.1795371e+01   7.2693507e+01  -5.9862403e+01   1.0051188e+02  -4.2939322e+01   1.0904388e+02  -3.8290654e+01   2.3750599e-01
   2.1086111e+01  -7.6555005e+01   4.1025588e+01  -7.1815893e+01   7.2571989e+01  -5.9566349e+01   1.0046595e+02  -4.2610784e+01   1.0883085e+02  -3.7793473e+01   2.4538908e-01
   2.1086111e+01  -7.6555005e+01   4.1025588e+01  -7.1815893e+01   7.2571989e+01  -5.9566349e+01   1.0047144e+02  -4.2712836e+01   1.0883228e+02  -3.7890427e+01   2.4601022e-01
   2.1053754e+01  -7.6435420e+01   4.1028514e+01  -7.2013880e+01   7.2775103e+01  -5.9964609e+01   1.0089467e+02  -4.3612678e+01   1.0944768e+02  -3.9057298e+01   2.3486521e-01
   2.1053754e+01  -7.6435420e+01   4.1155173e+01  -7.1897070e+01   7.2780171e+01  -6.0163634e+01   1.0109846e+02  -4.3909934e+01   1.0965383e+02  -3.9355862e+01   2.2158888e-01
   2.1086111e+01  -7.6555005e+01   4.1220016e+01  -7.2012082e+01   7.3095399e+01  -6.0461032e+01   1.0127654e+02  -4.4380499e+01   1.0987202e+02  -3.9859960e+01   2.1477627e-01
   2.1053754e+01  -7.6435420e+01   4.1094239e+01  -7.2225535e+01   7.3105585e+01  -6.0859858e+01   1.0169711e+02  -4.5277737e+01   1.1030417e+02  -4.0863266e+01   2.0613490e-01
   2.1053754e+01  -7.6435420e+01   4.1222956e+01  -7.2210090e+01   7.3223111e+01  -6.0958862e+01   1.0186962e+02  -4.5551870e+01   1.1049249e+02  -4.1131197e+01   1.9103147e-01
   2.1053754e+01  -7.6435420e+01   4.1222956e+01  -7.2210090e+01   7.3314282e+01  -6.1458605e+01   1.0246049e+02  -4.6435694e+01   1.1110615e+02  -4.2108956e+01   1.8436255e-01
   2.1086111e+01  -7.6555005e+01   4.1222956e+01  -7.2210090e+01   7.3517941e+01  -6.1858015e+01   1.0251253e+02  -4.7058212e+01   1.1134584e+02  -4.2839976e+01   1.7654366e-01
   2.1086111e+01  -7.6555005e+01   4.1225014e+01  -7.2311623e+01   7.3636155e+01  -6.1958638e+01   1.0271581e+02  -4.7259749e+01   1.1155742e+02  -4.3145620e+01   1.6601837e-01
   2.1086111e+01  -7.6555005e+01   4.1225896e+01  -7.2408124e+01   7.3641288e+01  -6.2158546e+01   1.0291913e+02  -4.7461331e+01   1.1156657e+02  -4.3443935e+01   1.6447159e-01
   2.1117881e+01  -7.6574922e+01   4.1164090e+01  -7.2642309e+01   7.3721657e+01  -6.2257542e+01   1.0293318e+02  -4.7861487e+01   1.1196766e+02  -4.3925321e+01   1.6265921e-01
   2.1053754e+01  -7.6435420e+01   4.1290957e+01  -7.2524126e+01   7.3850502e+01  -6.2758760e+01   1.0332941e+02  -4.8748623e+01   1.1238892e+02  -4.5007809e+01   1.5388165e-01
   2.1086111e+01  -7.6555005e+01   4.1228837e+01  -7.2606185e+01   7.3930576e+01  -6.2856874e+01   1.0371326e+02  -4.9428422e+01   1.1241989e+02  -4.5435957e+01   1.4864219e-01
   2.1086111e+01  -7.6555005e+01   4.1293904e+01  -7.2722502e+01   7.4059799e+01  -6.3359222e+01   1.0375650e+02  -4.9847571e+01   1.1282226e+02  -4.6112383e+01   1.4508646e-01
   2.1053754e+01  -7.6435420e+01   4.1228837e+01  -7.2606185e+01   7.4185531e+01  -6.3760357e+01   1.0415025e+02  -5.0637979e+01   1.1306947e+02  -4.6852068e+01   1.3913213e-01
   2.1053754e+01  -7.6435420e+01   4.1420364e+01  -7.2604382e+01   7.4264007e+01  -6.3759790e+01   1.0416269e+02  -5.0942288e+01   1.1308483e+02  -4.7255298e+01   1.3174441e-01
   2.1086111e+01  -7.6555005e+01   4.1423318e+01  -7.2802463e+01   7.4274354e+01  -6.4160103e+01   1.0457335e+02  -5.1446125e+01   1.1350720e+02  -4.7962268e+01   1.2948121e-01
   2.1086111e+01  -7.6555005e+01   4.1423318e+01  -7.2802463e+01   7.4404401e+01  -6.4665694e+01   1.0483240e+02  -5.2369897e+01   1.1393617e+02  -4.9060128e+01   1.2160117e-01
   2.1053754e+01  -7.6435420e+01   4.1423318e+01  -7.2802463e+01   7.4482501e+01  -6.4663427e+01   1.0501108e+02  -5.2657581e+01   1.1395138e+02  -4.9177312e+01   1.1653018e-01
   2.1086111e+01  -7.6555005e+01   4.1489695e+01  -7.3015372e+01   7.4485098e+01  -6.4858521e+01   1.0501984e+02  -5.2956812e+01   1.1415615e+02  -4.9761304e+01   1.1852583e-01
   2.1085428e+01  -7.6455128e+01   4.1488695e+01  -7.2919091e+01   7.4498060e+01  -6.5264307e+01   1.0524261e+02  -5.3568629e+01   1.1438913e+02  -5.0480552e+01   1.1347051e-01
   2.1086111e+01  -7.6555005e+01   4.1491656e+01  -7.3117515e+01   7.4698598e+01  -6.5562785e+01   1.0546359e+02  -5.4273357e+01   1.1461190e+02  -5.1090083e+01   1.0822218e-01
   2.1086111e+01  -7.6555005e+01   4.1428324e+01  -7.3102196e+01   7.4829417e+01  -6.6071027e+01   1.0586146e+02  -5.5074495e+01   1.1504007e+02  -5.2191633e+01   1.0586627e-01
   2.1053754e+01  -7.6435420e+01   4.1494617e+01  -7.3315965e+01   7.4908258e+01  -6.6164403e+01   1.0590217e+02  -5.5487393e+01   1.1506764e+02  -5.2611347e+01   1.0179619e-01
   2.1053754e+01  -7.6435420e+01   4.1429227e+01  -7.3198704e+01   7.5035523e+01  -6.6570559e+01   1.0596677e+02  -5.5808921e+01   1.1528474e+02  -5.3117480e+01   9.8968450e-02
   2.1086111e+01  -7.6555005e+01   4.1494617e+01  -7.3315965e+01   7.4923907e+01  -6.6765856e+01   1.0633924e+02  -5.6604256e+01   1.1551729e+02  -5.3837853e+01   9.6450762e-02
   2.1053754e+01  -7.6435420e+01   4.1497578e+01  -7.3514441e+01   7.5055145e+01  -6.7276372e+01   1.0636823e+02  -5.7412264e+01   1.1594434e+02  -5.4940877e+01   8.7546158e-02
   2.1053754e+01  -7.6435420e+01   4.1497578e+01  -7.3514441e+01   7.5061679e+01  -6.7574905e+01   1.0658258e+02  -5.7916811e+01   1.1577937e+02  -5.5265157e+01   8.2913698e-02
   2.1086111e+01  -7.6555005e+01   4.1499626e+01  -7.3616276e+01   7.5142776e+01  -6.7671395e+01   1.0680237e+02  -5.8525350e+01   1.1620003e+02  -5.6073241e+01   8.2095899e-02
   2.1054622e+01  -7.6534788e+01   4.1497578e+01  -7.3514441e+01   7.5222467e+01  -6.7859938e+01   1.0684718e+02  -5.9036858e+01   1.1643342e+02  -5.6692461e+01   7.9193673e-02
   2.1053754e+01  -7.6435420e+01   4.1500540e+01  -7.3712943e+01   7.5354052e+01  -6.8371730e+01   1.0706988e+02  -5.9650072e+01   1.1665858e+02  -5.7506437e+01   7.4575205e-02
   2.1053754e+01  -7.6435420e+01   4.1500540e+01  -7.3712943e+01   7.5359297e+01  -6.8572477e+01   1.0725685e+02  -6.0148079e+01   1.1667120e+02  -5.7908070e+01   7.1634770e-02
   2.1086111e+01  -7.6555005e+01   4.1500540e+01  -7.3712943e+01   7.5363149e+01  -6.8675392e+01   1.0708864e+02  -6.0251195e+01   1.1668479e+02  -5.8216019e+01   7.2502875e-02
   2.1086111e+01  -7.6555005e+01   4.1502583e+01  -7.3814803e+01   7.5369789e+01  -6.8974049e+01   1.0730838e+02  -6.0859827e+01   1.1691097e+02  -5.8928186e+01   6.9264272e-02
   2.1053754e+01  -7.6435420e+01   4.1503502e+01  -7.3911472e+01   7.5375035e+01  -6.9174875e+01   1.0734522e+02  -6.1165785e+01   1.1693393e+02  -5.9239744e+01   6.7139603e-02
   2.1086111e+01  -7.6555005e+01   4.1629685e+01  -7.3791437e+01   7.5578405e+01  -6.9479164e+01   1.0751357e+02  -6.1770514e+01   1.1715541e+02  -5.9753481e+01   6.4392190e-02
   2.1053754e+01  -7.6435420e+01   4.1631730e+01  -7.3893157e+01   7.5583663e+01  -6.9680062e+01   1.0773916e+02  -6.2484893e+01   1.1738076e+02  -6.0667668e+01   6.0721665e-02
   2.1086111e+01  -7.6555005e+01   4.1505541e+01  -7.4013356e+01   7.5594180e+01  -7.0081935e+01   1.0777750e+02  -6.2887632e+01   1.1740461e+02  -6.1279237e+01   5.5685129e-02
   2.1053754e+01  -7.6435420e+01   4.1632654e+01  -7.3989669e+01   7.5600854e+01  -7.0380825e+01   1.0782284e+02  -6.3491104e+01   1.1744554e+02  -6.1889247e+01   5.4572643e-02
   2.1086111e+01  -7.6555005e+01   4.1509427e+01  -7.4308608e+01   7.5683844e+01  -7.0668383e+01   1.0804820e+02  -6.4204499e+01   1.1767714e+02  -6.2911689e+01   4.7709169e-02
   2.1086111e+01  -7.6555005e+01   4.1509427e+01  -7.4308608e+01   7.5814864e+01  -7.1087540e+01   1.0825253e+02  -6.5022488e+01   1.1790431e+02  -6.3531249e+01   4.6352748e-02
   2.1021497e+01  -7.6316195e+01   4.1509427e+01  -7.4308608e+01   7.5825412e+01  -7.1489782e+01   1.0829548e+02  -6.5525366e+01   1.1794452e+02  -6.4342773e+01   3.9403569e-02
   2.1053754e+01  -7.6435420e+01   4.1577092e+01  -7.4529916e+01   7.5708733e+01  -7.1574522e+01   1.0831020e+02  -6.5930439e+01   1.1796049e+02  -6.4541609e+01   3.7220435e-02
   2.1086111e+01  -7.6555005e+01   4.1512390e+01  -7.4507215e+01   7.5835961e+01  -7.1892128e+01   1.0850448e+02  -6.6543533e+01   1.1817891e+02  -6.5259648e+01   3.7051454e-02
   2.1086111e+01  -7.6555005e+01   4.1638592e+01  -7.4386212e+01   7.5846512e+01  -7.2294579e+01   1.0853400e+02  -6.7355577e+01   1.1821613e+02  -6.5968805e+01   3.2496732e-02
   2.1086111e+01  -7.6555005e+01   4.1640623e+01  -7.4488007e+01   7.5923947e+01  -7.2378593e+01   1.0856715e+02  -6.7554210e+01   1.1843265e+02  -6.6590608e+01   2.6094872e-02
   2.1053754e+01  -7.6435420e+01   4.1580996e+01  -7.4825698e+01   7.5930668e+01  -7.2677389e+01   1.0878742e+02  -6.8165132e+01   1.1826925e+02  -6.7082805e+01   2.3894323e-02
   2.1053754e+01  -7.6435420e+01   4.1641562e+01  -7.4584524e+01   7.5939778e+01  -7.2981564e+01   1.0880433e+02  -6.8669542e+01   1.1848555e+02  -6.7705856e+01   1.8278211e-02
   2.1053754e+01  -7.6435420e+01   4.1643589e+01  -7.4686342e+01   7.6016982e+01  -7.3064433e+01   1.0882650e+02  -6.9278423e+01   1.1851686e+02  -6.8306662e+01   1.6753406e-02
   2.1086111e+01  -7.6555005e+01   4.1709333e+01  -7.4805975e+01   7.5951787e+01  -7.3481533e+01   1.0886137e+02  -6.9572590e+01   1.1873610e+02  -6.9031332e+01   1.1377596e-02
   2.1053754e+01  -7.6435420e+01   4.1710277e+01  -7.4902650e+01   7.5955613e+01  -7.3584771e+01   1.0887400e+02  -6.9879536e+01   1.1874687e+02  -6.9240572e+01   4.3271602e-03
   2.1053754e+01  -7.6435420e+01   4.1710277e+01  -7.4902650e+01   7.5959361e+01  -7.3687639e+01   1.0886131e+02  -7.0195020e+01   1.1875766e+02  -6.9544141e+01   2.1359381e-03
   2.1086961e+01  -7.6649490e+01   4.1712305e+01  -7.5004654e+01   7.5960892e+01  -7.3785893e+01   1.0888138e+02  -7.0082313e+01   1.1876567e+02  -6.9748185e+01   1.4109692e-03
   2.1086111e+01  -7.6555005e+01   4.1644531e+01  -7.4782861e+01   7.5960892e+01  -7.3785893e+01   1.0888877e+02  -7.0285115e+01   1.1875766e+02  -6.9544141e+01   1.8394994e-03
   2.1053754e+01  -7.6435420e+01   4.1644531e+01  -7.4782861e+01   7.6032820e+01  -7.3666741e+01   1.0888636e+02  -7.0186179e+01   1.1876567e+02  -6.9748185e+01   1.5842444e-03
   2.1086111e+01  -7.6555005e+01   4.1646554e+01  -7.4884705e+01   7.5960892e+01  -7.3785893e+01   1.0888877e+02  -7.0285115e+01   1.1876567e+02  -6.9748185e+01   3.3673419e-04
   2.1086111e+01  -7.6555005e+01   4.1710277e+01  -7.4902650e+01   7.5960892e+01  -7.3785893e+01   1.0888877e+02  -7.0285115e+01   1.1876567e+02  -6.9748185e+01   1.1814367e-04
   2.1086961e+01  -7.6649490e+01   4.1646554e+01  -7.4884705e+01   7.5960892e+01  -7.3785893e+01   1.0888877e+02  -7.0285115e+01   1.1877089e+02  -6.9852663e+01  -1.3662471e-03
   2.1086111e+01  -7.6555005e+01   4.1712305e+01  -7.5004654e+01   7.5962349e+01  -7.3883763e+01   1.0889093e+02  -7.0383687e+01   1.1876816e+02  -6.9847400e+01   1.3592833e-03
   2.1053754e+01  -7.6435420e+01   4.1712305e+01  -7.5004654e+01   7.6032820e+01  -7.3666741e+01   1.0888877e+02  -7.0285115e+01   1.1877368e+02  -6.9952254e+01   5.3407639e-04
   2.1053754e+01  -7.6435420e+01   4.1646554e+01  -7.4884705e+01   7.5962349e+01  -7.3883763e+01   1.0888877e+02  -7.0285115e+01   1.1877368e+02  -6.9952254e+01   5.6078743e-04
   2.1053754e+01  -7.6435420e+01   4.1646554e+01  -7.4884705e+01   7.5962349e+01  -7.3883763e+01   1.0891375e+02  -7.0276162e+01   1.1877368e+02  -6.9952254e+01   1.1077352e-03
   2.1086961e+01  -7.6649490e+01   4.1646554e+01  -7.4884705e+01   7.5964639e+01  -7.3888779e+01   1.0891616e+02  -7.0374947e+01   1.1877368e+02  -6.9952254e+01   2.4682477e-05
   2.1086111e+01  -7.6555005e+01   4.1712305e+01  -7.5004654e+01   7.5962349e+01  -7.3883763e+01   1.0889616e+02  -7.0487943e+01   1.1877368e+02  -6.9952254e+01   5.1922260e-04
   2.1086111e+01  -7.6555005e+01   4.1646554e+01  -7.4884705e+01   7.5966172e+01  -7.3987040e+01   1.0889093e+02  -7.0383687e+01   1.1877368e+02  -6.9952254e+01   8.9239415e-04
   2.1053754e+01  -7.6435420e+01   4.1646554e+01  -7.4884705e+01   7.5962349e+01  -7.3883763e+01   1.0889616e+02  -7.0487943e+01   1.1877368e+02  -6.9952254e+01  -1.5592907e-03
   2.1086111e+01  -7.6555005e+01   4.1646554e+01  -7.4884705e+01   7.5966172e+01  -7.3987040e+01   1.0889616e+02  -7.0487943e+01   1.1877368e+02  -6.9952254e+01   1.2001465e-03
   2.1086111e+01  -7.6555005e+01   4.1646554e+01  -7.4884705e+01   7.5960892e+01  -7.3785893e+01   1.0889616e+02  -7.0487943e+01   1.1877368e+02  -6.9952254e+01   6.7458456e-04
   2.1086111e+01  -7.6555005e+01   4.1712305e+01  -7.5004654e+01   7.6036567e+01  -7.3769463e+01   1.0889093e+02  -7.0383687e+01   1.1877368e+02  -6.9952254e+01   1.8510467e-03
   2.1086111e+01  -7.6555005e+01   4.1644531e+01  -7.4782861e+01   7.5960892e+01  -7.3785893e+01   1.0890877e+02  -7.0172446e+01   1.1876816e+02  -6.9847400e+01   2.4430194e-03
   2.1054604e+01  -7.6529756e+01   4.1710277e+01  -7.4902650e+01   7.5955613e+01  -7.3584771e+01   1.0887615e+02  -6.9978087e+01   1.1875417e+02  -6.9228831e+01   9.0915262e-03
   2.1086111e+01  -7.6555005e+01   4.1644531e+01  -7.4782861e+01   7.5950334e+01  -7.3383676e+01   1.0867641e+02  -6.9256155e+01   1.1853039e+02  -6.8614824e+01   1.9970428e-02
   2.1086111e+01  -7.6555005e+01   4.1643589e+01  -7.4686342e+01   7.5823082e+01  -7.3063943e+01   1.0863681e+02  -6.8764677e+01   1.1849879e+02  -6.8014019e+01   2.9973604e-02
   2.1086111e+01  -7.6555005e+01   4.1515353e+01  -7.4705849e+01   7.5811036e+01  -7.2564483e+01   1.0861471e+02  -6.8156944e+01   1.1827208e+02  -6.7088056e+01   4.0276999e-02
   2.1086111e+01  -7.6555005e+01   4.1641562e+01  -7.4584524e+01   7.5807285e+01  -7.2461872e+01   1.0841998e+02  -6.7635606e+01   1.1825330e+02  -6.6676083e+01   4.9314634e-02
   2.1086111e+01  -7.6555005e+01   4.1640623e+01  -7.4488007e+01   7.5802021e+01  -7.2261234e+01   1.0840317e+02  -6.7133110e+01   1.1823494e+02  -6.6170623e+01   5.4866721e-02
   2.1085428e+01  -7.6455128e+01   4.1638592e+01  -7.4386212e+01   7.5791492e+01  -7.1860036e+01   1.0838112e+02  -6.6526958e+01   1.1801148e+02  -6.5348732e+01   5.9862033e-02
   2.1086111e+01  -7.6555005e+01   4.1512390e+01  -7.4507215e+01   7.5710162e+01  -7.1672320e+01   1.0816172e+02  -6.5918641e+01   1.1797966e+02  -6.4745436e+01   6.4902274e-02
   2.1053754e+01  -7.6435420e+01   4.1511457e+01  -7.4410542e+01   7.5580427e+01  -7.1159963e+01   1.0813740e+02  -6.5214488e+01   1.1776555e+02  -6.3829566e+01   7.2124221e-02
   2.1053754e+01  -7.6435420e+01   4.1509427e+01  -7.4308608e+01   7.5572840e+01  -7.0954643e+01   1.0792251e+02  -6.4803303e+01   1.1773288e+02  -6.3318717e+01   7.8783996e-02
   2.1053754e+01  -7.6435420e+01   4.1443077e+01  -7.4093248e+01   7.5566172e+01  -7.0656597e+01   1.0789849e+02  -6.4100003e+01   1.1750775e+02  -6.2609816e+01   8.4470162e-02
   2.1086111e+01  -7.6555005e+01   4.1634694e+01  -7.4091414e+01   7.5560924e+01  -7.0456194e+01   1.0788385e+02  -6.3696673e+01   1.1748930e+02  -6.2106137e+01   8.6005412e-02
   2.1086111e+01  -7.6555005e+01   4.1441048e+01  -7.3991499e+01   7.5474048e+01  -7.0065875e+01   1.0763574e+02  -6.2988993e+01   1.1725085e+02  -6.1091629e+01   9.2324454e-02
   2.1053754e+01  -7.6435420e+01   4.1505541e+01  -7.4013356e+01   7.5346256e+01  -6.9654387e+01   1.0744352e+02  -6.2384477e+01   1.1722049e+02  -6.0581918e+01   9.7211121e-02
   2.1053754e+01  -7.6435420e+01   4.1438092e+01  -7.3793261e+01   7.5337185e+01  -6.9351433e+01   1.0723839e+02  -6.1570425e+01   1.1679692e+02  -5.9763732e+01   1.0033533e-01
   2.1086961e+01  -7.6649490e+01   4.1438092e+01  -7.3793261e+01   7.5136921e+01  -6.9053207e+01   1.0719778e+02  -6.1070924e+01   1.1658562e+02  -5.8770508e+01   1.0518721e-01
   2.1053754e+01  -7.6435420e+01   4.1437175e+01  -7.3696749e+01   7.5131700e+01  -6.8853014e+01   1.0700894e+02  -6.0569165e+01   1.1655219e+02  -5.8456314e+01   1.0999832e-01
   2.1086111e+01  -7.6555005e+01   4.1435137e+01  -7.3595049e+01   7.5117422e+01  -6.8350119e+01   1.0676041e+02  -5.9859398e+01   1.1650771e+02  -5.7637771e+01   1.1308107e-01
   2.1053754e+01  -7.6435420e+01   4.1435137e+01  -7.3595049e+01   7.5112201e+01  -6.8150023e+01   1.0673648e+02  -5.9158036e+01   1.1628281e+02  -5.6930389e+01   1.1752488e-01
   2.1086111e+01  -7.6555005e+01   4.1435137e+01  -7.3595049e+01   7.5032449e+01  -6.7962203e+01   1.0652211e+02  -5.8748848e+01   1.1607131e+02  -5.6330094e+01   1.1937663e-01
   2.1053754e+01  -7.6435420e+01   4.1432182e+01  -7.3396863e+01   7.4901639e+01  -6.7451964e+01   1.0629648e+02  -5.7943130e+01   1.1583593e+02  -5.5417811e+01   1.2728141e-01
   2.1086111e+01  -7.6555005e+01   4.1432182e+01  -7.3396863e+01   7.4896433e+01  -6.7251980e+01   1.0610933e+02  -5.7447357e+01   1.1561984e+02  -5.4914428e+01   1.2948071e-01
   2.1086111e+01  -7.6555005e+01   4.1432182e+01  -7.3396863e+01   7.4813926e+01  -6.7057883e+01   1.0606186e+02  -5.6839462e+01   1.1538470e+02  -5.4003114e+01   1.3076215e-01
   2.1086111e+01  -7.6555005e+01   4.1431274e+01  -7.3300354e+01   7.4687348e+01  -6.6651770e+01   1.0587517e+02  -5.6345790e+01   1.1517848e+02  -5.3414732e+01   1.3564726e-01
   2.1053754e+01  -7.6435420e+01   4.1431274e+01  -7.3300354e+01   7.4683510e+01  -6.6549356e+01   1.0566647e+02  -5.6040689e+01   1.1515537e+02  -5.3195728e+01   1.3933358e-01
   2.1053754e+01  -7.6435420e+01   4.1364043e+01  -7.3081805e+01   7.4599357e+01  -6.6256690e+01   1.0544163e+02  -5.5237814e+01   1.1473842e+02  -5.2302788e+01   1.4174071e-01
   2.1086111e+01  -7.6555005e+01   4.1302747e+01  -7.3317790e+01   7.4598008e+01  -6.6159079e+01   1.0560598e+02  -5.5127791e+01   1.1472038e+02  -5.2185490e+01   1.4407107e-01
   2.1086111e+01  -7.6555005e+01   4.1237660e+01  -7.3200524e+01   7.4594166e+01  -6.6056558e+01   1.0542731e+02  -5.4837505e+01   1.1471057e+02  -5.1886619e+01   1.4470601e-01
   2.1086111e+01  -7.6555005e+01   4.1363141e+01  -7.2985454e+01   7.4469332e+01  -6.5749670e+01   1.0521854e+02  -5.4532520e+01   1.1449710e+02  -5.1482400e+01   1.4477014e-01
   2.1053754e+01  -7.6435420e+01   4.1362097e+01  -7.2979959e+01   7.4469332e+01  -6.5749670e+01   1.0520977e+02  -5.4235350e+01   1.1448366e+02  -5.1178281e+01   1.4967491e-01
   2.1053754e+01  -7.6435420e+01   4.1361095e+01  -7.2883987e+01   7.4462815e+01  -6.5452484e+01   1.0517023e+02  -5.3921614e+01   1.1426827e+02  -5.0676554e+01   1.5110937e-01
   2.1086111e+01  -7.6555005e+01   4.1299799e+01  -7.3119335e+01   7.4453796e+01  -6.5150479e+01   1.0495963e+02  -5.3519190e+01   1.1404928e+02  -5.0169663e+01   1.5479640e-01
   2.1086111e+01  -7.6555005e+01   4.1234719e+01  -7.3002384e+01   7.4255265e+01  -6.4950416e+01   1.0474730e+02  -5.3019428e+01   1.1383408e+02  -4.9668343e+01   1.5721988e-01
   2.1086111e+01  -7.6555005e+01   4.1232776e+01  -7.2900398e+01   7.4250100e+01  -6.4750764e+01   1.0473486e+02  -5.2716551e+01   1.1381298e+02  -4.9163960e+01   1.6038427e-01
   2.1053754e+01  -7.6435420e+01   4.1231777e+01  -7.2804272e+01   7.4250100e+01  -6.4750764e+01   1.0453313e+02  -5.2611792e+01   1.1380132e+02  -4.9242854e+01   1.6248033e-01
   2.1086111e+01  -7.6555005e+01   4.1231777e+01  -7.2804272e+01   7.4244935e+01  -6.4551139e+01   1.0452444e+02  -5.2314515e+01   1.1359989e+02  -4.8760646e+01   1.6154326e-01
   2.1053754e+01  -7.6435420e+01   4.1296851e+01  -7.2920905e+01   7.4239771e+01  -6.4351539e+01   1.0451733e+02  -5.2114435e+01   1.1359220e+02  -4.8560066e+01   1.6190079e-01
   2.1053754e+01  -7.6435420e+01   4.1231777e+01  -7.2804272e+01   7.4041309e+01  -6.4151593e+01   1.0429990e+02  -5.1512598e+01   1.1335727e+02  -4.7935685e+01   1.6524558e-01
   2.1086111e+01  -7.6555005e+01   4.1231777e+01  -7.2804272e+01   7.4037405e+01  -6.4049087e+01   1.0412357e+02  -5.1228733e+01   1.1316434e+02  -4.7656418e+01   1.7215267e-01
   2.1053754e+01  -7.6435420e+01   4.1231777e+01  -7.2804272e+01   7.4036158e+01  -6.3952046e+01   1.0391524e+02  -5.0924736e+01   1.1313833e+02  -4.7429140e+01   1.6792669e-01
   2.1086111e+01  -7.6555005e+01   4.1230886e+01  -7.2707767e+01   7.3951170e+01  -6.3655887e+01   1.0386533e+02  -5.0309752e+01   1.1292858e+02  -4.6652595e+01   1.7617658e-01
   2.1086111e+01  -7.6555005e+01   4.1228837e+01  -7.2606185e+01   7.3827464e+01  -6.3353201e+01   1.0365525e+02  -4.9908493e+01   1.1251274e+02  -4.6145439e+01   1.7879102e-01
   2.1086111e+01  -7.6555005e+01   4.1228837e+01  -7.2606185e+01   7.3822327e+01  -6.3153758e+01   1.0344524e+02  -4.9507369e+01   1.1248200e+02  -4.5720875e+01   1.8228974e-01
   2.1086111e+01  -7.6555005e+01   4.1228837e+01  -7.2606185e+01   7.3625206e+01  -6.3051004e+01   1.0343819e+02  -4.9307678e+01   1.1229254e+02  -4.5543007e+01   1.8563520e-01
   2.1086111e+01  -7.6555005e+01   4.1101175e+01  -7.2627662e+01   7.3690013e+01  -6.2551142e+01   1.0305386e+02  -4.8627511e+01   1.1205887e+02  -4.4637958e+01   1.8616294e-01
   2.1086111e+01  -7.6555005e+01   4.1225896e+01  -7.2408124e+01   7.3608607e+01  -6.2355901e+01   1.0280694e+02  -4.8008091e+01   1.1164014e+02  -4.3937316e+01   1.9276205e-01
   2.1053754e+01  -7.6435420e+01   4.1161040e+01  -7.2292482e+01   7.3410325e+01  -6.2156254e+01   1.0259341e+02  -4.7602259e+01   1.1161011e+02  -4.3607464e+01   1.9732507e-01
   2.1085428e+01  -7.6455128e+01   4.1161040e+01  -7.2292482e+01   7.3405215e+01  -6.1956968e+01   1.0258494e+02  -4.7305921e+01   1.1139002e+02  -4.3005295e+01   2.0062147e-01
   2.1053754e+01  -7.6435420e+01   4.1225896e+01  -7.2408124e+01   7.3400106e+01  -6.1757708e+01   1.0237679e+02  -4.7002544e+01   1.1118511e+02  -4.2803482e+01   2.0348057e-01
   2.1053754e+01  -7.6435420e+01   4.1031441e+01  -7.2211894e+01   7.3201880e+01  -6.1558151e+01   1.0216028e+02  -4.6403103e+01   1.1079553e+02  -4.2059050e+01   2.0570716e-01
   2.1086111e+01  -7.6555005e+01   4.1096193e+01  -7.2327585e+01   7.3192892e+01  -6.1256714e+01   1.0194937e+02  -4.5906285e+01   1.1055870e+02  -4.1429269e+01   2.1137697e-01
   2.1053754e+01  -7.6435420e+01   4.1158106e+01  -7.2094763e+01   7.3186594e+01  -6.0960605e+01   1.0173999e+02  -4.5506470e+01   1.1033603e+02  -4.1197207e+01   2.1729245e-01
   2.1086111e+01  -7.6555005e+01   4.1156151e+01  -7.1993039e+01   7.2984547e+01  -6.0658996e+01   1.0135929e+02  -4.4834295e+01   1.1010899e+02  -4.0396504e+01   2.1842876e-01
   2.1086111e+01  -7.6555005e+01   4.1028514e+01  -7.2013880e+01   7.2979464e+01  -6.0459912e+01   1.0131593e+02  -4.4605008e+01   1.0990850e+02  -3.9828940e+01   2.2286993e-01
   2.1086111e+01  -7.6555005e+01   4.1155173e+01  -7.1897070e+01   7.2781356e+01  -6.0260556e+01   1.0110536e+02  -4.4108869e+01   1.0968511e+02  -3.9594721e+01   2.2854516e-01
   2.1053754e+01  -7.6435420e+01   4.1028514e+01  -7.2013880e+01   7.2781356e+01  -6.0260556e+01   1.0093473e+02  -4.3838142e+01   1.0949285e+02  -3.9228002e+01   2.3238079e-01
   2.1086961e+01  -7.6649490e+01   4.1027644e+01  -7.1917381e+01   7.2775103e+01  -5.9964609e+01   1.0085219e+02  -4.3478478e+01   1.0925410e+02  -3.8594025e+01   2.2932073e-01
   2.1053754e+01  -7.6435420e+01   4.1025588e+01  -7.1815893e+01   7.2571989e+01  -5.9566349e+01   1.0047281e+02  -4.2809533e+01   1.0903503e+02  -3.7994293e+01   2.4005963e-01
   2.1053754e+01  -7.6435420e+01   4.1025588e+01  -7.1815893e+01   7.2568107e+01  -5.9464298e+01   1.0046595e+02  -4.2610784e+01   1.0884991e+02  -3.7732793e+01   2.4281571e-01
   2.1053754e+01  -7.6435420e+01   4.1090326e+01  -7.1930951e+01   7.2571989e+01  -5.9566349e+01   1.0047281e+02  -4.2809533e+01   1.0901766e+02  -3.8152610e+01   2.4482642e-01
   2.1053754e+01  -7.6435420e+01   4.1028514e+01  -7.2013880e+01   7.2776286e+01  -6.0061524e+01   1.0089627e+02  -4.3709647e+01   1.0945512e+02  -3.9257147e+01   2.3212504e-01
   2.1053754e+01  -7.6435420e+01   4.1028514e+01  -7.2013880e+01   7.2781356e+01  -6.0260556e+01   1.0106849e+02  -4.4077478e+01   1.0967766e+02  -3.9395134e+01   2.1565691e-01
   2.1086111e+01  -7.6555005e+01   4.1155173e+01  -7.1897070e+01   7.2898161e+01  -6.0358440e+01   1.0127224e+02  -4.4374828e+01   1.0986726e+02  -3.9854226e+01   2.0963418e-01
   2.1053754e+01  -7.6435420e+01   4.1094239e+01  -7.2225535e+01   7.3100492e+01  -6.0660432e+01   1.0165657e+02  -4.4956465e+01   1.1027796e+02  -4.0631106e+01   2.0452729e-01
   2.1086111e+01  -7.6555005e+01   4.1220016e+01  -7.2012082e+01   7.3228217e+01  -6.1158638e+01   1.0189983e+02  -4.5478625e+01   1.1069027e+02  -4.1132828e+01   1.9375280e-01
   2.1086983e+01  -7.6654524e+01   4.1220995e+01  -7.2108205e+01   7.3309175e+01  -6.1259100e+01   1.0207967e+02  -4.5952939e+01   1.1070685e+02  -4.1631259e+01   1.8639886e-01
   2.1054604e+01  -7.6529756e+01   4.1222956e+01  -7.2210090e+01   7.3512821e+01  -6.1658458e+01   1.0246917e+02  -4.6733528e+01   1.1113877e+02  -4.2540069e+01   1.8086749e-01
   2.1053754e+01  -7.6435420e+01   4.1225896e+01  -7.2408124e+01   7.3517941e+01  -6.1858015e+01   1.0271027e+02  -4.7156957e+01   1.1134714e+02  -4.2937277e+01   1.6948471e-01
   2.1086111e+01  -7.6555005e+01   4.1225896e+01  -7.2408124e+01   7.3641288e+01  -6.2158546e+01   1.0289573e+02  -4.7640589e+01   1.1194558e+02  -4.3794817e+01   1.6669813e-01
   2.1086111e+01  -7.6555005e+01   4.1225896e+01  -7.2408124e+01   7.3844061e+01  -6.2461139e+01   1.0311349e+02  -4.8243452e+01   1.1198287e+02  -4.4327729e+01   1.5984331e-01
   2.1086111e+01  -7.6555005e+01   4.1293016e+01  -7.2625842e+01   7.3851735e+01  -6.2856075e+01   1.0352986e+02  -4.8945922e+01   1.1222177e+02  -4.5056503e+01   1.5209645e-01
   2.1053754e+01  -7.6435420e+01   4.1293904e+01  -7.2722502e+01   7.3935724e+01  -6.3056588e+01   1.0372188e+02  -4.9727043e+01   1.1263188e+02  -4.5742576e+01   1.4529416e-01
   2.1053754e+01  -7.6435420e+01   4.1420364e+01  -7.2604382e+01   7.4135661e+01  -6.3353862e+01   1.0396046e+02  -5.0049940e+01   1.1284939e+02  -4.6343369e+01   1.4006657e-01
   2.1053754e+01  -7.6435420e+01   4.1293904e+01  -7.2722502e+01   7.4184281e+01  -6.3662857e+01   1.0414847e+02  -5.0540013e+01   1.1306947e+02  -4.6852068e+01   1.3617250e-01
   2.1053754e+01  -7.6435420e+01   4.1422425e+01  -7.2705960e+01   7.4269180e+01  -6.3959934e+01   1.0453807e+02  -5.1229574e+01   1.1348369e+02  -4.7641231e+01   1.3299878e-01
   2.1086111e+01  -7.6555005e+01   4.1488695e+01  -7.2919091e+01   7.4400476e+01  -6.4562672e+01   1.0479216e+02  -5.2051713e+01   1.1373526e+02  -4.8673492e+01   1.2371687e-01
   2.1086111e+01  -7.6555005e+01   4.1423318e+01  -7.2802463e+01   7.4478645e+01  -6.4560895e+01   1.0483240e+02  -5.2369897e+01   1.1393816e+02  -4.9158564e+01   1.1723362e-01
   2.1086111e+01  -7.6555005e+01   4.1423318e+01  -7.2802463e+01   7.4483833e+01  -6.4761143e+01   1.0501108e+02  -5.2657581e+01   1.1414694e+02  -4.9461074e+01   1.1730020e-01
   2.1086111e+01  -7.6555005e+01   4.1425374e+01  -7.2904065e+01   7.4489021e+01  -6.4961417e+01   1.0502541e+02  -5.3060444e+01   1.1416072e+02  -4.9767465e+01   1.1590456e-01
   2.1086111e+01  -7.6555005e+01   4.1426272e+01  -7.3000570e+01   7.4693396e+01  -6.5362432e+01   1.0544920e+02  -5.3870159e+01   1.1459635e+02  -5.0685129e+01   1.1140856e-01
   2.1086111e+01  -7.6555005e+01   4.1426272e+01  -7.3000570e+01   7.4818988e+01  -6.5669590e+01   1.0547078e+02  -5.4474995e+01   1.1482125e+02  -5.1393350e+01   1.0871102e-01
   2.1053754e+01  -7.6435420e+01   4.1426272e+01  -7.3000570e+01   7.4709002e+01  -6.5963570e+01   1.0570909e+02  -5.4889590e+01   1.1483861e+02  -5.1896821e+01   1.0454693e-01
   2.1086111e+01  -7.6555005e+01   4.1428324e+01  -7.3102196e+01   7.4908258e+01  -6.6164403e+01   1.0590217e+02  -5.5487393e+01   1.1507747e+02  -5.2526527e+01   1.0093160e-01
   2.1053754e+01  -7.6435420e+01   4.1494617e+01  -7.3315965e+01   7.4913474e+01  -6.6364861e+01   1.0591473e+02  -5.5792777e+01   1.1528084e+02  -5.2920423e+01   9.8214104e-02
   2.1053754e+01  -7.6435420e+01   4.1496669e+01  -7.3417775e+01   7.4918690e+01  -6.6565345e+01   1.0615282e+02  -5.6206054e+01   1.1548910e+02  -5.3513388e+01   9.5673081e-02
   2.1055276e+01  -7.6629507e+01   4.1496669e+01  -7.3417775e+01   7.5055145e+01  -6.7276372e+01   1.0636290e+02  -5.7308554e+01   1.1575087e+02  -5.4751018e+01   8.9616904e-02
   2.1086111e+01  -7.6555005e+01   4.1496669e+01  -7.3417775e+01   7.5133692e+01  -6.7367960e+01   1.0657532e+02  -5.7714702e+01   1.1597709e+02  -5.5169202e+01   8.6553113e-02
   2.1086961e+01  -7.6649490e+01   4.1623748e+01  -7.3395051e+01   7.5138923e+01  -6.7568576e+01   1.0658985e+02  -5.8118946e+01   1.1599281e+02  -5.5574757e+01   8.2966400e-02
   2.1053754e+01  -7.6435420e+01   4.1623748e+01  -7.3395051e+01   7.5142776e+01  -6.7671395e+01   1.0680042e+02  -5.8426951e+01   1.1620573e+02  -5.6177583e+01   8.1048344e-02
   2.1054604e+01  -7.6529756e+01   4.1500540e+01  -7.3712943e+01   7.5274412e+01  -6.8183633e+01   1.0682420e+02  -5.9132086e+01   1.1623749e+02  -5.6695776e+01   7.9053732e-02
   2.1053754e+01  -7.6435420e+01   4.1626716e+01  -7.3593231e+01   7.5352663e+01  -6.8273886e+01   1.0706481e+02  -5.9546652e+01   1.1646087e+02  -5.7307259e+01   7.3383171e-02
   2.1053754e+01  -7.6435420e+01   4.1626716e+01  -7.3593231e+01   7.5357906e+01  -6.8474626e+01   1.0724954e+02  -5.9945665e+01   1.1666899e+02  -5.7809107e+01   7.1152374e-02
   2.1053754e+01  -7.6435420e+01   4.1500540e+01  -7.3712943e+01   7.5363149e+01  -6.8675392e+01   1.0726416e+02  -6.0350519e+01   1.1668850e+02  -5.8116356e+01   7.1169981e-02
   2.1085428e+01  -7.6455128e+01   4.1502583e+01  -7.3814803e+01   7.5369789e+01  -6.8974049e+01   1.0728409e+02  -6.0859462e+01   1.1690081e+02  -5.8625607e+01   6.8380934e-02
   2.1085428e+01  -7.6455128e+01   4.1629685e+01  -7.3791437e+01   7.5495191e+01  -6.9189530e+01   1.0732606e+02  -6.1269430e+01   1.1692457e+02  -5.9236349e+01   6.6074407e-02
   2.1053754e+01  -7.6435420e+01   4.1629685e+01  -7.3791437e+01   7.5578405e+01  -6.9479164e+01   1.0771716e+02  -6.1876790e+01   1.1715657e+02  -6.0053677e+01   6.1878387e-02
   2.1086111e+01  -7.6555005e+01   4.1505541e+01  -7.4013356e+01   7.5585072e+01  -6.9777954e+01   1.0755750e+02  -6.2278096e+01   1.1718147e+02  -6.0462683e+01   5.8888966e-02
   2.1086111e+01  -7.6555005e+01   4.1632654e+01  -7.3989669e+01   7.5468800e+01  -6.9865245e+01   1.0759580e+02  -6.2680125e+01   1.1740737e+02  -6.1174573e+01   5.6542890e-02
   2.1086111e+01  -7.6555005e+01   4.1634694e+01  -7.4091414e+01   7.5603210e+01  -7.0385627e+01   1.0798159e+02  -6.3704080e+01   1.1763429e+02  -6.1998227e+01   5.3002411e-02
   2.1086111e+01  -7.6555005e+01   4.1574127e+01  -7.4330992e+01   7.5682425e+01  -7.0570618e+01   1.0801964e+02  -6.4105243e+01   1.1766685e+02  -6.2608814e+01   4.8915500e-02
   2.1053754e+01  -7.6435420e+01   4.1635623e+01  -7.4187928e+01   7.5689107e+01  -7.0869118e+01   1.0806289e+02  -6.4609218e+01   1.1769908e+02  -6.3217399e+01   4.4809501e-02
   2.1053754e+01  -7.6435420e+01   4.1637659e+01  -7.4289697e+01   7.5825412e+01  -7.1489782e+01   1.0829756e+02  -6.5623840e+01   1.1793891e+02  -6.4238152e+01   4.2030950e-02
   2.1053754e+01  -7.6435420e+01   4.1638592e+01  -7.4386212e+01   7.5832120e+01  -7.1788902e+01   1.0831964e+02  -6.6231519e+01   1.1816502e+02  -6.4950854e+01   3.6171006e-02
   2.1086111e+01  -7.6555005e+01   4.1512390e+01  -7.4507215e+01   7.5841236e+01  -7.2093341e+01   1.0836542e+02  -6.6737372e+01   1.1819777e+02  -6.5672525e+01   3.4697672e-02
   2.1086111e+01  -7.6555005e+01   4.1638592e+01  -7.4386212e+01   7.5846512e+01  -7.2294579e+01   1.0855241e+02  -6.7148711e+01   1.1821901e+02  -6.5974053e+01   3.0020478e-02
   2.1086111e+01  -7.6555005e+01   4.1515353e+01  -7.4705849e+01   7.5925389e+01  -7.2476418e+01   1.0857665e+02  -6.7855591e+01   1.1824219e+02  -6.6678273e+01   2.8484527e-02
   2.1054604e+01  -7.6529756e+01   4.1707301e+01  -7.4703996e+01   7.5939778e+01  -7.2981564e+01   1.0880219e+02  -6.8570903e+01   1.1848555e+02  -6.7705856e+01   2.0666985e-02
   2.1053754e+01  -7.6435420e+01   4.1580996e+01  -7.4825698e+01   7.5943532e+01  -7.3084375e+01   1.0881458e+02  -6.8877759e+01   1.1869425e+02  -6.8126590e+01   1.5575491e-02
   2.1053754e+01  -7.6435420e+01   4.1710277e+01  -7.4902650e+01   7.6022261e+01  -7.3265176e+01   1.0883914e+02  -6.9585782e+01   1.1872562e+02  -6.8728225e+01   9.8261457e-03
   2.1053754e+01  -7.6435420e+01   4.1644531e+01  -7.4782861e+01   7.5955613e+01  -7.3584771e+01   1.0887159e+02  -6.9780623e+01   1.1874164e+02  -6.9136131e+01   4.4539507e-03
   2.1086111e+01  -7.6555005e+01   4.1710277e+01  -7.4902650e+01   7.6027540e+01  -7.3465946e+01   1.0907196e+02  -6.9882093e+01   1.1874965e+02  -6.9340123e+01   3.4068128e-03
   2.1053754e+01  -7.6435420e+01   4.1712305e+01  -7.5004654e+01   7.6027540e+01  -7.3465946e+01   1.0887615e+02  -6.9978087e+01   1.1875766e+02  -6.9544141e+01  -1.0589060e-03
   2.1086111e+01  -7.6555005e+01   4.1644531e+01  -7.4782861e+01   7.6032820e+01  -7.3666741e+01   1.0888138e+02  -7.0082313e+01   1.1875766e+02  -6.9544141e+01   1.8434293e-03
