   2.1086111e+01  -7.6555005e+01   4.1402559e+01  -7.5725913e+01   7.3869217e+01  -7.5494287e+01   1.0841635e+02  -7.2902950e+01   1.1828238e+02  -7.2481180e+01   1.3700076e-03
   2.1086111e+01  -7.6555005e+01   4.1402559e+01  -7.5725913e+01   7.3865567e+01  -7.5391233e+01   1.0840900e+02  -7.2700146e+01   1.1827956e+02  -7.2381598e+01   5.1915456e-03
   2.1085428e+01  -7.6455128e+01   4.1402559e+01  -7.5725913e+01   7.3864075e+01  -7.5292939e+01   1.0837811e+02  -7.2514382e+01   1.1845847e+02  -7.2092525e+01   8.7138760e-03
   2.1085428e+01  -7.6455128e+01   4.1401704e+01  -7.5628678e+01   7.3781780e+01  -7.5114580e+01   1.0836050e+02  -7.2008487e+01   1.1823579e+02  -7.1480207e+01   1.4583136e-02
   2.1085428e+01  -7.6455128e+01   4.1399605e+01  -7.5526825e+01   7.3778193e+01  -7.5011799e+01   1.0834136e+02  -7.1499299e+01   1.1802448e+02  -7.0732785e+01   2.2233280e-02
   2.1085428e+01  -7.6455128e+01   4.1399605e+01  -7.5526825e+01   7.3773053e+01  -7.4810202e+01   1.0832931e+02  -7.1192797e+01   1.1819933e+02  -7.0559658e+01   3.3895760e-02
   2.1117881e+01  -7.6574922e+01   4.1399605e+01  -7.5526825e+01   7.3841967e+01  -7.4389158e+01   1.0831197e+02  -7.0687698e+01   1.1798111e+02  -6.9831974e+01   3.6535952e-02
   2.1085428e+01  -7.6455128e+01   4.1331294e+01  -7.5207112e+01   7.3642606e+01  -7.4187619e+01   1.0829440e+02  -7.0182390e+01   1.1795609e+02  -6.9435943e+01   4.1022639e-02
   2.1085428e+01  -7.6455128e+01   4.1396652e+01  -7.5327764e+01   7.3752498e+01  -7.4004079e+01   1.0824687e+02  -6.9582806e+01   1.1792428e+02  -6.8620228e+01   4.8427533e-02
   2.1117881e+01  -7.6574922e+01   4.1331294e+01  -7.5207112e+01   7.3628765e+01  -7.3682771e+01   1.0805539e+02  -6.9063255e+01   1.1790838e+02  -6.8212526e+01   5.1864094e-02
   2.1085428e+01  -7.6455128e+01   4.1394647e+01  -7.5225565e+01   7.3738556e+01  -7.3498149e+01   1.0804073e+02  -6.8658035e+01   1.1768917e+02  -6.7485838e+01   5.7428367e-02
   2.1085428e+01  -7.6455128e+01   4.1328348e+01  -7.5008395e+01   7.3618514e+01  -7.3280575e+01   1.0802607e+02  -6.8252918e+01   1.1767030e+02  -6.6979480e+01   5.9280750e-02
   2.1085428e+01  -7.6455128e+01   4.1328348e+01  -7.5008395e+01   7.3609725e+01  -7.2976693e+01   1.0783531e+02  -6.7736710e+01   1.1764826e+02  -6.6679854e+01   6.4027786e-02
   2.1086111e+01  -7.6555005e+01   4.1328348e+01  -7.5008395e+01   7.3530838e+01  -7.2897944e+01   1.0779906e+02  -6.7440579e+01   1.1743910e+02  -6.6163357e+01   6.4912180e-02
   2.1085428e+01  -7.6455128e+01   4.1391689e+01  -7.5026554e+01   7.3603141e+01  -7.2677478e+01   1.0776531e+02  -6.7242850e+01   1.1741831e+02  -6.5653242e+01   6.8757729e-02
   2.1117881e+01  -7.6574922e+01   4.1263704e+01  -7.5052006e+01   7.3596499e+01  -7.2377927e+01   1.0774810e+02  -6.6738249e+01   1.1739953e+02  -6.5147493e+01   7.3203225e-02
   2.1085428e+01  -7.6455128e+01   4.1198457e+01  -7.4931610e+01   7.3513321e+01  -7.2289862e+01   1.0755283e+02  -6.6120918e+01   1.1717936e+02  -6.4634833e+01   7.4645613e-02
   2.1117881e+01  -7.6574922e+01   4.1196455e+01  -7.4829457e+01   7.3584097e+01  -7.1971888e+01   1.0754299e+02  -6.5819670e+01   1.1715668e+02  -6.4332053e+01   7.5989776e-02
   2.1085428e+01  -7.6455128e+01   4.1196455e+01  -7.4829457e+01   7.3506747e+01  -7.1990291e+01   1.0752363e+02  -6.5312130e+01   1.1713794e+02  -6.3825960e+01   7.9625222e-02
   2.1117881e+01  -7.6574922e+01   4.1196455e+01  -7.4829457e+01   7.3503073e+01  -7.1887417e+01   1.0749427e+02  -6.5214704e+01   1.1713003e+02  -6.3622724e+01   8.1149784e-02
   2.1085428e+01  -7.6455128e+01   4.1196455e+01  -7.4829457e+01   7.3497950e+01  -7.1686234e+01   1.0730424e+02  -6.4703506e+01   1.1710923e+02  -6.3112632e+01   8.2431782e-02
   2.1086111e+01  -7.6555005e+01   4.1195518e+01  -7.4732622e+01   7.3491384e+01  -7.1386764e+01   1.0726476e+02  -6.4303766e+01   1.1688781e+02  -6.2504419e+01   8.3041893e-02
   2.1085428e+01  -7.6455128e+01   4.1322456e+01  -7.4611039e+01   7.3482583e+01  -7.1082843e+01   1.0707768e+02  -6.3893200e+01   1.1686733e+02  -6.1995029e+01   8.7658001e-02
   2.1086111e+01  -7.6555005e+01   4.1320442e+01  -7.4509076e+01   7.3405000e+01  -7.1099862e+01   1.0703792e+02  -6.3492430e+01   1.1664425e+02  -6.1383420e+01   9.3015981e-02
   2.1085428e+01  -7.6455128e+01   4.1320442e+01  -7.4509076e+01   7.3472339e+01  -7.0680713e+01   1.0702587e+02  -6.3187046e+01   1.1663135e+02  -6.1076940e+01   9.1927907e-02
   2.1085428e+01  -7.6455128e+01   4.1192579e+01  -7.4533660e+01   7.3276609e+01  -7.0582121e+01   1.0701132e+02  -6.2782747e+01   1.1641625e+02  -6.0668563e+01   9.4218811e-02
   2.1085428e+01  -7.6455128e+01   4.1192579e+01  -7.4533660e+01   7.3385957e+01  -7.0392860e+01   1.0699429e+02  -6.2279607e+01   1.1639769e+02  -6.0163706e+01   9.6345077e-02
   2.1085428e+01  -7.6455128e+01   4.1317492e+01  -7.4310463e+01   7.3262714e+01  -7.0077408e+01   1.0677492e+02  -6.1671368e+01   1.1635826e+02  -5.9448400e+01   1.0249286e-01
   2.1117881e+01  -7.6574922e+01   4.1316566e+01  -7.4213789e+01   7.3256187e+01  -6.9778207e+01   1.0658360e+02  -6.1067931e+01   1.1613992e+02  -5.8940266e+01   1.0447491e-01
   2.1085428e+01  -7.6455128e+01   4.1189641e+01  -7.4334724e+01   7.3134779e+01  -6.9562402e+01   1.0654360e+02  -6.0758515e+01   1.1592608e+02  -5.8330231e+01   1.0996499e-01
   2.1118567e+01  -7.6674952e+01   4.1316566e+01  -7.4213789e+01   7.3133366e+01  -6.9464319e+01   1.0636262e+02  -6.0457330e+01   1.1591575e+02  -5.8028931e+01   1.0955203e-01
   2.1117881e+01  -7.6574922e+01   4.1316566e+01  -7.4213789e+01   7.3124590e+01  -6.9161292e+01   1.0634817e+02  -6.0054390e+01   1.1590009e+02  -5.7624031e+01   1.0979623e-01
   2.1086111e+01  -7.6555005e+01   4.1187624e+01  -7.4232646e+01   7.3044331e+01  -6.9170505e+01   1.0614145e+02  -5.9752250e+01   1.1567361e+02  -5.7209647e+01   1.1090544e-01
   2.1085428e+01  -7.6455128e+01   4.1187624e+01  -7.4232646e+01   7.3042985e+01  -6.9072642e+01   1.0609816e+02  -5.9342027e+01   1.1547221e+02  -5.6516498e+01   1.1568968e-01
   2.1117881e+01  -7.6574922e+01   4.1187624e+01  -7.4232646e+01   7.3034142e+01  -6.8768888e+01   1.0609095e+02  -5.9140380e+01   1.1545511e+02  -5.6405058e+01   1.1622647e-01
   2.1086111e+01  -7.6555005e+01   4.1314543e+01  -7.4111876e+01   7.3032800e+01  -6.8671037e+01   1.0590575e+02  -5.8739054e+01   1.1524697e+02  -5.5903172e+01   1.1989475e-01
   2.1053754e+01  -7.6435420e+01   4.1186702e+01  -7.4135815e+01   7.3032800e+01  -6.8671037e+01   1.0607651e+02  -5.8737163e+01   1.1543950e+02  -5.6000603e+01   1.2298242e-01
   2.1085428e+01  -7.6455128e+01   4.1313621e+01  -7.4015204e+01   7.3027708e+01  -6.8470274e+01   1.0586481e+02  -5.8332024e+01   1.1521531e+02  -5.5683343e+01   1.2021008e-01
   2.1085428e+01  -7.6455128e+01   4.1186702e+01  -7.4135815e+01   7.3026309e+01  -6.8372074e+01   1.0568507e+02  -5.8035163e+01   1.1519972e+02  -5.5278456e+01   1.2035669e-01
   2.1085428e+01  -7.6455128e+01   4.1184681e+01  -7.4033761e+01   7.2828474e+01  -6.8269255e+01   1.0565081e+02  -5.7828373e+01   1.1499277e+02  -5.5073691e+01   1.2583713e-01
   2.1085428e+01  -7.6455128e+01   4.1184681e+01  -7.4033761e+01   7.2818317e+01  -6.7867861e+01   1.0563161e+02  -5.7322739e+01   1.1496674e+02  -5.4367649e+01   1.2407006e-01
   2.1117881e+01  -7.6574922e+01   4.1311593e+01  -7.3913315e+01   7.2814566e+01  -6.7765019e+01   1.0542009e+02  -5.6918051e+01   1.1475737e+02  -5.3770991e+01   1.2941095e-01
   2.1085428e+01  -7.6455128e+01   4.1183764e+01  -7.3936932e+01   7.2813239e+01  -6.7667203e+01   1.0540785e+02  -5.6613708e+01   1.1454551e+02  -5.3463468e+01   1.3270053e-01
   2.1085428e+01  -7.6455128e+01   4.1184681e+01  -7.4033761e+01   7.2809486e+01  -6.7564381e+01   1.0523082e+02  -5.6417710e+01   1.1453984e+02  -5.3359838e+01   1.3291171e-01
   2.1085428e+01  -7.6455128e+01   4.1183764e+01  -7.3936932e+01   7.2809486e+01  -6.7564381e+01   1.0522894e+02  -5.6319905e+01   1.1453776e+02  -5.3261632e+01   1.3358441e-01
   2.1086111e+01  -7.6555005e+01   4.1310676e+01  -7.3816645e+01   7.2809486e+01  -6.7564381e+01   1.0520358e+02  -5.6410497e+01   1.1452708e+02  -5.3347378e+01   1.3155485e-01
   2.1086111e+01  -7.6555005e+01   4.1181739e+01  -7.3834903e+01   7.2804407e+01  -6.7363769e+01   1.0522178e+02  -5.6118982e+01   1.1434233e+02  -5.2972423e+01   1.3420937e-01
   2.1117881e+01  -7.6574922e+01   4.1183764e+01  -7.3936932e+01   7.2691201e+01  -6.7357019e+01   1.0519113e+02  -5.6105972e+01   1.1432362e+02  -5.2855792e+01   1.3386648e-01
   2.1117881e+01  -7.6574922e+01   4.1181739e+01  -7.3834903e+01   7.2803085e+01  -6.7265965e+01   1.0518716e+02  -5.5909795e+01   1.1431589e+02  -5.2654042e+01   1.3455668e-01
   2.1085428e+01  -7.6455128e+01   4.1181739e+01  -7.3834903e+01   7.2803085e+01  -6.7265965e+01   1.0517680e+02  -5.5703586e+01   1.1430581e+02  -5.2353888e+01   1.3469119e-01
   2.1085428e+01  -7.6455128e+01   4.1116736e+01  -7.3716631e+01   7.2603946e+01  -6.7065116e+01   1.0496361e+02  -5.5201516e+01   1.1409179e+02  -5.1948339e+01   1.3507130e-01
   2.1086111e+01  -7.6555005e+01   4.1181739e+01  -7.3834903e+01   7.2593819e+01  -6.6664036e+01   1.0475029e+02  -5.4699347e+01   1.1404813e+02  -5.1513139e+01   1.4114941e-01
   2.1085428e+01  -7.6455128e+01   4.1180827e+01  -7.3738076e+01   7.2510016e+01  -6.6473256e+01   1.0453201e+02  -5.4094542e+01   1.1364603e+02  -5.0636097e+01   1.4515336e-01
   2.1085428e+01  -7.6455128e+01   4.1178796e+01  -7.3636072e+01   7.2506321e+01  -6.6370742e+01   1.0449134e+02  -5.3779216e+01   1.1361350e+02  -5.0211096e+01   1.4856605e-01
   2.1118567e+01  -7.6674952e+01   4.1178796e+01  -7.3636072e+01   7.2384636e+01  -6.6062355e+01   1.0431383e+02  -5.3490015e+01   1.1340714e+02  -5.0007301e+01   1.5187459e-01
   2.1085428e+01  -7.6455128e+01   4.1305696e+01  -7.3516272e+01   7.2379587e+01  -6.5861933e+01   1.0426778e+02  -5.3070980e+01   1.1320040e+02  -4.9419118e+01   1.5209032e-01
   2.1086111e+01  -7.6555005e+01   4.1112895e+01  -7.3421449e+01   7.2295504e+01  -6.5669996e+01   1.0408394e+02  -5.2488107e+01   1.1315670e+02  -4.8980912e+01   1.5670126e-01
   2.1085428e+01  -7.6455128e+01   4.1110865e+01  -7.3319630e+01   7.2170501e+01  -6.5260578e+01   1.0383397e+02  -5.1865644e+01   1.1274000e+02  -4.8088611e+01   1.5944915e-01
   2.1085428e+01  -7.6455128e+01   4.1174952e+01  -7.3340442e+01   7.2166751e+01  -6.5157990e+01   1.0365280e+02  -5.1477503e+01   1.1272176e+02  -4.7681281e+01   1.6626893e-01
   2.1085428e+01  -7.6455128e+01   4.1109964e+01  -7.3222963e+01   7.2161714e+01  -6.4957692e+01   1.0344406e+02  -5.1172633e+01   1.1250588e+02  -4.7178404e+01   1.6781581e-01
   2.1085428e+01  -7.6455128e+01   4.1109964e+01  -7.3222963e+01   7.2078688e+01  -6.4862677e+01   1.0339993e+02  -5.0755359e+01   1.1229447e+02  -4.6872176e+01   1.7295434e-01
   2.1085428e+01  -7.6455128e+01   4.1107930e+01  -7.3121168e+01   7.2072375e+01  -6.4564236e+01   1.0321517e+02  -5.0172960e+01   1.1188513e+02  -4.5994085e+01   1.7581506e-01
   2.1117881e+01  -7.6574922e+01   4.1107930e+01  -7.3121168e+01   7.1950131e+01  -6.4160984e+01   1.0296891e+02  -4.9650130e+01   1.1184506e+02  -4.5366283e+01   1.7808917e-01
   2.1086111e+01  -7.6555005e+01   4.1107930e+01  -7.3121168e+01   7.1748832e+01  -6.3956138e+01   1.0274820e+02  -4.9042356e+01   1.1144095e+02  -4.4781554e+01   1.8133087e-01
   2.1086111e+01  -7.6555005e+01   4.1107034e+01  -7.3024503e+01   7.1743823e+01  -6.3755997e+01   1.0257383e+02  -4.8761598e+01   1.1141054e+02  -4.4451840e+01   1.8524850e-01
   2.1117881e+01  -7.6574922e+01   4.1104995e+01  -7.2922733e+01   7.1738814e+01  -6.3555882e+01   1.0253050e+02  -4.8439215e+01   1.1119737e+02  -4.4048306e+01   1.8782539e-01
   2.1117881e+01  -7.6574922e+01   4.1104995e+01  -7.2922733e+01   7.1658949e+01  -6.3561374e+01   1.0235461e+02  -4.8061762e+01   1.1097374e+02  -4.3818292e+01   1.9264811e-01
   2.1085428e+01  -7.6455128e+01   4.1104995e+01  -7.2922733e+01   7.1533752e+01  -6.3057861e+01   1.0210744e+02  -4.7536546e+01   1.1074300e+02  -4.2913910e+01   1.9161491e-01
   2.1085428e+01  -7.6455128e+01   4.1104995e+01  -7.2922733e+01   7.1528759e+01  -6.2857832e+01   1.0189190e+02  -4.7031961e+01   1.1053210e+02  -4.2608609e+01   2.0012956e-01
   2.1117881e+01  -7.6574922e+01   4.1102061e+01  -7.2724324e+01   7.1330005e+01  -6.2657628e+01   1.0171212e+02  -4.6554869e+01   1.1013266e+02  -4.2032756e+01   2.0421783e-01
   2.1085428e+01  -7.6455128e+01   4.1102061e+01  -7.2724324e+01   7.1326263e+01  -6.2555290e+01   1.0153459e+02  -4.6176686e+01   1.1011946e+02  -4.1729381e+01   2.0831828e-01
   2.1117881e+01  -7.6574922e+01   4.0974870e+01  -7.2842849e+01   7.1439861e+01  -6.2559401e+01   1.0146933e+02  -4.6130302e+01   1.0990817e+02  -4.1233607e+01   2.0661911e-01
   2.1086111e+01  -7.6555005e+01   4.1034368e+01  -7.2409935e+01   7.1235843e+01  -6.2158686e+01   1.0108535e+02  -4.5355904e+01   1.0967017e+02  -4.0696413e+01   2.0796321e-01
   2.1085428e+01  -7.6455128e+01   4.1099127e+01  -7.2525941e+01   7.1116380e+01  -6.1857688e+01   1.0087254e+02  -4.4950808e+01   1.0947240e+02  -4.0224097e+01   2.1652403e-01
   2.1086111e+01  -7.6555005e+01   4.0971943e+01  -7.2644144e+01   7.1108844e+01  -6.1652855e+01   1.0086037e+02  -4.4648838e+01   1.0905672e+02  -3.9717817e+01   2.2169353e-01
   2.1085428e+01  -7.6455128e+01   4.0971943e+01  -7.2644144e+01   7.1108844e+01  -6.1652855e+01   1.0069224e+02  -4.4569958e+01   1.0907703e+02  -3.9751055e+01   2.2398501e-01
   2.1085428e+01  -7.6455128e+01   4.1099127e+01  -7.2525941e+01   7.1113814e+01  -6.1852714e+01   1.0086298e+02  -4.4842802e+01   1.0910443e+02  -3.9983586e+01   2.2124863e-01
   2.1085428e+01  -7.6455128e+01   4.1100116e+01  -7.2622223e+01   7.1194212e+01  -6.1849255e+01   1.0093431e+02  -4.4994100e+01   1.0948858e+02  -4.0347844e+01   2.1285724e-01
   2.1117881e+01  -7.6574922e+01   4.1099127e+01  -7.2525941e+01   7.1312500e+01  -6.2052788e+01   1.0111805e+02  -4.5569605e+01   1.0970605e+02  -4.0755644e+01   2.0474613e-01
   2.1086111e+01  -7.6555005e+01   4.1100116e+01  -7.2622223e+01   7.1321281e+01  -6.2355332e+01   1.0132639e+02  -4.5873215e+01   1.0991835e+02  -4.1157418e+01   1.9284965e-01
   2.1085428e+01  -7.6455128e+01   4.1102061e+01  -7.2724324e+01   7.1321281e+01  -6.2355332e+01   1.0132639e+02  -4.5873215e+01   1.0992431e+02  -4.1260262e+01   1.8289684e-01
   2.1086111e+01  -7.6555005e+01   4.1102061e+01  -7.2724324e+01   7.1321281e+01  -6.2355332e+01   1.0132639e+02  -4.5873215e+01   1.0974473e+02  -4.1192335e+01   1.8354774e-01
   2.1085428e+01  -7.6455128e+01   4.1102061e+01  -7.2724324e+01   7.1321281e+01  -6.2355332e+01   1.0132639e+02  -4.5873215e+01   1.0992431e+02  -4.1260262e+01   1.8278402e-01
   2.1085428e+01  -7.6455128e+01   4.1102061e+01  -7.2724324e+01   7.1322466e+01  -6.2452638e+01   1.0149827e+02  -4.6148386e+01   1.0994927e+02  -4.1393776e+01   1.8440905e-01
   2.1086111e+01  -7.6555005e+01   4.1103055e+01  -7.2820606e+01   7.1326263e+01  -6.2555290e+01   1.0173307e+02  -4.6371946e+01   1.1013947e+02  -4.1856610e+01   1.7964381e-01
   2.1086111e+01  -7.6555005e+01   4.1103055e+01  -7.2820606e+01   7.1411403e+01  -6.2750718e+01   1.0177840e+02  -4.6792420e+01   1.1036981e+02  -4.2287569e+01   1.7449022e-01
   2.1086111e+01  -7.6555005e+01   4.1103055e+01  -7.2820606e+01   7.1609859e+01  -6.2950621e+01   1.0198870e+02  -4.7288737e+01   1.1058956e+02  -4.2889245e+01   1.6812388e-01
   2.1085428e+01  -7.6455128e+01   4.1104995e+01  -7.2922733e+01   7.1729997e+01  -6.3253061e+01   1.0217232e+02  -4.7675694e+01   1.1080838e+02  -4.3394424e+01   1.5620918e-01
   2.1086111e+01  -7.6555005e+01   4.1104995e+01  -7.2922733e+01   7.1733805e+01  -6.3355794e+01   1.0234571e+02  -4.7954080e+01   1.1100204e+02  -4.3672331e+01   1.5214403e-01
   2.1085428e+01  -7.6455128e+01   4.1169971e+01  -7.3039735e+01   7.1735008e+01  -6.3453129e+01   1.0238225e+02  -4.8076776e+01   1.1118567e+02  -4.3842031e+01   1.4957955e-01
   2.1118567e+01  -7.6674952e+01   4.1104995e+01  -7.2922733e+01   7.1735008e+01  -6.3453129e+01   1.0238924e+02  -4.8276588e+01   1.1121016e+02  -4.4069197e+01   1.4808887e-01
   2.1118567e+01  -7.6674952e+01   4.1104995e+01  -7.2922733e+01   7.1741172e+01  -6.3750232e+01   1.0260159e+02  -4.8871367e+01   1.1142488e+02  -4.4665823e+01   1.4615136e-01
   2.1117881e+01  -7.6574922e+01   4.1170972e+01  -7.3136174e+01   7.1940028e+01  -6.3950580e+01   1.0284136e+02  -4.9289973e+01   1.1166034e+02  -4.5196864e+01   1.3906782e-01
   2.1085428e+01  -7.6455128e+01   4.1105994e+01  -7.3019016e+01   7.1948919e+01  -6.4253887e+01   1.0302782e+02  -4.9777749e+01   1.1187043e+02  -4.5783267e+01   1.3250698e-01
   2.1117881e+01  -7.6574922e+01   4.1107930e+01  -7.3121168e+01   7.2031988e+01  -6.4349650e+01   1.0340632e+02  -5.0261923e+01   1.1208492e+02  -4.6284045e+01   1.3020430e-01
   2.1086111e+01  -7.6555005e+01   4.1172913e+01  -7.3238487e+01   7.2037014e+01  -6.4549551e+01   1.0345414e+02  -5.0684588e+01   1.1231317e+02  -4.6709642e+01   1.2537528e-01
   2.1085428e+01  -7.6455128e+01   4.1172913e+01  -7.3238487e+01   7.2157902e+01  -6.4854797e+01   1.0365879e+02  -5.0983425e+01   1.1251906e+02  -4.7292445e+01   1.2106509e-01
   2.1086111e+01  -7.6555005e+01   4.1108934e+01  -7.3217452e+01   7.2241849e+01  -6.5046560e+01   1.0370953e+02  -5.1694286e+01   1.1274829e+02  -4.7909996e+01   1.1806183e-01
   2.1118567e+01  -7.6674952e+01   4.1175854e+01  -7.3437266e+01   7.2363094e+01  -6.5352670e+01   1.0392481e+02  -5.2103126e+01   1.1296237e+02  -4.8599974e+01   1.1360748e-01
   2.1085428e+01  -7.6455128e+01   4.1175854e+01  -7.3437266e+01   7.2375834e+01  -6.5759286e+01   1.0428924e+02  -5.2882580e+01   1.1319640e+02  -4.9413520e+01   1.0554293e-01
   2.1085428e+01  -7.6455128e+01   4.1175854e+01  -7.3437266e+01   7.2375834e+01  -6.5759286e+01   1.0431749e+02  -5.2894971e+01   1.1339469e+02  -4.9415578e+01   1.0316840e-01
   2.1085428e+01  -7.6455128e+01   4.1175854e+01  -7.3437266e+01   7.2454502e+01  -6.5750006e+01   1.0432709e+02  -5.3289320e+01   1.1340498e+02  -4.9811552e+01   1.0464538e-01
   2.1085428e+01  -7.6455128e+01   4.1305696e+01  -7.3516272e+01   7.2577306e+01  -6.6154424e+01   1.0457215e+02  -5.3902737e+01   1.1363994e+02  -5.0530208e+01   1.0036014e-01
   2.1117881e+01  -7.6574922e+01   4.1305696e+01  -7.3516272e+01   7.2663370e+01  -6.6350604e+01   1.0476180e+02  -5.4399676e+01   1.1386618e+02  -5.1046474e+01   9.6683938e-02
   2.1086111e+01  -7.6555005e+01   4.1178796e+01  -7.3636072e+01   7.2672252e+01  -6.6653678e+01   1.0495417e+02  -5.5092153e+01   1.1408070e+02  -5.1741596e+01   9.1886761e-02
   2.1117881e+01  -7.6574922e+01   4.1370995e+01  -7.3634221e+01   7.2673506e+01  -6.6750953e+01   1.0501264e+02  -5.5115917e+01   1.1428370e+02  -5.2036507e+01   8.8632244e-02
   2.1117881e+01  -7.6574922e+01   4.1308644e+01  -7.3714780e+01   7.2796711e+01  -6.7157152e+01   1.0503408e+02  -5.5717398e+01   1.1432568e+02  -5.2758500e+01   8.7434503e-02
   2.1085428e+01  -7.6455128e+01   4.1308644e+01  -7.3714780e+01   7.2804407e+01  -6.7363769e+01   1.0524483e+02  -5.6120438e+01   1.1454452e+02  -5.3170472e+01   8.2905141e-02
   2.1086111e+01  -7.6555005e+01   4.1181739e+01  -7.3834903e+01   7.2810753e+01  -6.7661838e+01   1.0546999e+02  -5.6924961e+01   1.1477549e+02  -5.4076480e+01   7.8368081e-02
   2.1086111e+01  -7.6555005e+01   4.1181739e+01  -7.3834903e+01   7.2896463e+01  -6.7855602e+01   1.0566202e+02  -5.7524277e+01   1.1499575e+02  -5.4586224e+01   7.6169674e-02
   2.1085428e+01  -7.6455128e+01   4.1311593e+01  -7.3913315e+01   7.3015041e+01  -6.8063436e+01   1.0570103e+02  -5.7833650e+01   1.1502280e+02  -5.4998970e+01   7.3011954e-02
   2.1086111e+01  -7.6555005e+01   4.1311593e+01  -7.3913315e+01   7.3021354e+01  -6.8361248e+01   1.0590751e+02  -5.8230474e+01   1.1523789e+02  -5.5501407e+01   7.0932073e-02
   2.1085428e+01  -7.6455128e+01   4.1249896e+01  -7.4152720e+01   7.3034142e+01  -6.8768888e+01   1.0610637e+02  -5.8936670e+01   1.1545684e+02  -5.6303032e+01   6.7115392e-02
   2.1241526e+01  -7.6332419e+01   4.1186702e+01  -7.4135815e+01   7.3039236e+01  -6.8969683e+01   1.0630135e+02  -5.9638491e+01   1.1568521e+02  -5.7015715e+01   6.2683736e-02
   2.1086111e+01  -7.6555005e+01   4.1187624e+01  -7.4232646e+01   7.3238532e+01  -6.9170801e+01   1.0633956e+02  -5.9945530e+01   1.1589692e+02  -5.7618845e+01   5.7388266e-02
   2.1086111e+01  -7.6555005e+01   4.1252846e+01  -7.4351923e+01   7.3244933e+01  -6.9469156e+01   1.0655391e+02  -6.0545013e+01   1.1592790e+02  -5.8025648e+01   5.6410565e-02
   2.1117881e+01  -7.6574922e+01   4.1314543e+01  -7.4111876e+01   7.3251278e+01  -6.9767183e+01   1.0660002e+02  -6.1148220e+01   1.1614956e+02  -5.8930152e+01   5.4858892e-02
   2.1086111e+01  -7.6555005e+01   4.1189641e+01  -7.4334724e+01   7.3335168e+01  -6.9861032e+01   1.0679915e+02  -6.1763723e+01   1.1637752e+02  -5.9547382e+01   5.1366249e-02
   2.1086111e+01  -7.6555005e+01   4.1316566e+01  -7.4213789e+01   7.3264075e+01  -7.0175304e+01   1.0683667e+02  -6.2067455e+01   1.1639326e+02  -5.9952161e+01   4.5233924e-02
   2.1085428e+01  -7.6455128e+01   4.1317492e+01  -7.4310463e+01   7.3464773e+01  -7.0474127e+01   1.0702705e+02  -6.2670301e+01   1.1642478e+02  -6.0462498e+01   4.3082635e-02
   2.1085428e+01  -7.6455128e+01   4.1317492e+01  -7.4310463e+01   7.3351806e+01  -7.0560371e+01   1.0706662e+02  -6.3166527e+01   1.1664096e+02  -6.1267349e+01   3.9630804e-02
   2.1085428e+01  -7.6455128e+01   4.1320442e+01  -7.4509076e+01   7.3480149e+01  -7.1077238e+01   1.0729179e+02  -6.3878391e+01   1.1687891e+02  -6.1981168e+01   3.8557476e-02
   2.1117881e+01  -7.6574922e+01   4.1385775e+01  -7.4628613e+01   7.3489084e+01  -7.1381882e+01   1.0730901e+02  -6.4191170e+01   1.1689947e+02  -6.2393145e+01   3.2862826e-02
   2.1117881e+01  -7.6574922e+01   4.1385775e+01  -7.4628613e+01   7.3489084e+01  -7.1381882e+01   1.0731809e+02  -6.4490614e+01   1.1690014e+02  -6.2696037e+01   3.0534119e-02
   2.1118567e+01  -7.6674952e+01   4.1386815e+01  -7.4725055e+01   7.3571425e+01  -7.1564507e+01   1.0732826e+02  -6.4886857e+01   1.1711835e+02  -6.3300061e+01   3.2541886e-02
   2.1085428e+01  -7.6455128e+01   4.1322456e+01  -7.4611039e+01   7.3580358e+01  -7.1868798e+01   1.0755335e+02  -6.5599314e+01   1.1715544e+02  -6.3911453e+01   2.8474210e-02
   2.1118567e+01  -7.6674952e+01   4.1323393e+01  -7.4707715e+01   7.3585485e+01  -7.2069687e+01   1.0774750e+02  -6.6118046e+01   1.1737647e+02  -6.4424419e+01   2.3230420e-02
   2.1085428e+01  -7.6455128e+01   4.1322456e+01  -7.4611039e+01   7.3589222e+01  -7.2172797e+01   1.0759669e+02  -6.5909267e+01   1.1737999e+02  -6.4430330e+01   2.1115496e-02
   2.1086111e+01  -7.6555005e+01   4.1323393e+01  -7.4707715e+01   7.3585485e+01  -7.2069687e+01   1.0759899e+02  -6.6007627e+01   1.1738233e+02  -6.4528899e+01   2.0856812e-02
   2.1086111e+01  -7.6555005e+01   4.1388732e+01  -7.4827571e+01   7.3590612e+01  -7.2270601e+01   1.0778562e+02  -6.6513809e+01   1.1740849e+02  -6.5026366e+01   2.5504989e-02
   2.1117881e+01  -7.6574922e+01   4.1388732e+01  -7.4827571e+01   7.3715595e+01  -7.2687011e+01   1.0780185e+02  -6.7015356e+01   1.1743048e+02  -6.5536077e+01   1.7789380e-02
   2.1117881e+01  -7.6574922e+01   4.1390746e+01  -7.4929720e+01   7.3604599e+01  -7.2775679e+01   1.0799645e+02  -6.7536855e+01   1.1764487e+02  -6.6154396e+01   1.3573702e-02
   2.1086111e+01  -7.6555005e+01   4.1390746e+01  -7.4929720e+01   7.3604599e+01  -7.2775679e+01   1.0782559e+02  -6.7530024e+01   1.1745768e+02  -6.6149712e+01   1.2144818e-02
   2.1117881e+01  -7.6574922e+01   4.1325402e+01  -7.4809704e+01   7.3723140e+01  -7.2894048e+01   1.0782769e+02  -6.7628281e+01   1.1764487e+02  -6.6154396e+01   1.1148531e-02
   2.1085428e+01  -7.6455128e+01   4.1326343e+01  -7.4906381e+01   7.3729681e+01  -7.3193380e+01   1.0803590e+02  -6.8028349e+01   1.1766463e+02  -6.6756653e+01   1.1660178e-02
   2.1117881e+01  -7.6574922e+01   4.1391689e+01  -7.5026554e+01   7.3616252e+01  -7.3275567e+01   1.0788035e+02  -6.8425245e+01   1.1769276e+02  -6.7160117e+01   1.4665344e-02
   2.1085428e+01  -7.6455128e+01   4.1393699e+01  -7.5128728e+01   7.3697040e+01  -7.3357837e+01   1.0806909e+02  -6.8843998e+01   1.1790182e+02  -6.7676953e+01   3.8286743e-03
   2.1085428e+01  -7.6455128e+01   4.1394647e+01  -7.5225565e+01   7.3815557e+01  -7.3476974e+01   1.0807430e+02  -6.8947969e+01   1.1790765e+02  -6.7781681e+01   2.2620974e-03
   2.1085428e+01  -7.6455128e+01   4.1328348e+01  -7.5008395e+01   7.3819290e+01  -7.3580224e+01   1.0807642e+02  -6.9046302e+01   1.1791318e+02  -6.7886060e+01   1.9660387e-03
   2.1085428e+01  -7.6455128e+01   4.1393699e+01  -7.5128728e+01   7.3625106e+01  -7.3579890e+01   1.0810283e+02  -6.9039598e+01   1.1792113e+02  -6.8089231e+01  -2.0367724e-03
   2.1085428e+01  -7.6455128e+01   4.1328348e+01  -7.5008395e+01   7.3745105e+01  -7.3797577e+01   1.0808375e+02  -6.9248633e+01   1.1792113e+02  -6.8089231e+01  -2.7172595e-03
   2.1086111e+01  -7.6555005e+01   4.1394647e+01  -7.5225565e+01   7.3820699e+01  -7.3678072e+01   1.0808375e+02  -6.9248633e+01   1.1792355e+02  -6.8188020e+01  -8.7521550e-05
   2.1085428e+01  -7.6455128e+01   4.1329294e+01  -7.5105073e+01   7.3745105e+01  -7.3797577e+01   1.0811016e+02  -6.9241618e+01   1.1792907e+02  -6.8292427e+01  -1.7314956e-03
   2.1053075e+01  -7.6335696e+01   4.1394647e+01  -7.5225565e+01   7.3705895e+01  -7.3661714e+01   1.0811016e+02  -6.9241618e+01   1.1792907e+02  -6.8292427e+01  -5.6562217e-04
   2.1117881e+01  -7.6574922e+01   4.1394647e+01  -7.5225565e+01   7.3626511e+01  -7.3677737e+01   1.0808897e+02  -6.9352634e+01   1.1792907e+02  -6.8292427e+01   1.0732616e-03
   2.1086111e+01  -7.6555005e+01   4.1394647e+01  -7.5225565e+01   7.3705895e+01  -7.3661714e+01   1.0828650e+02  -6.9355132e+01   1.1792907e+02  -6.8292427e+01   1.2430456e-04
   2.1053754e+01  -7.6435420e+01   4.1394647e+01  -7.5225565e+01   7.3630234e+01  -7.3781008e+01   1.0811016e+02  -6.9241618e+01   1.1792907e+02  -6.8292427e+01  -4.6710974e-04
   2.1085428e+01  -7.6455128e+01   4.1329294e+01  -7.5105073e+01   7.3824430e+01  -7.3781342e+01   1.0811016e+02  -6.9241618e+01   1.1793150e+02  -6.8391228e+01  -1.4036596e-03
   2.1086111e+01  -7.6555005e+01   4.1394647e+01  -7.5225565e+01   7.3748835e+01  -7.3901014e+01   1.0811016e+02  -6.9241618e+01   1.1793150e+02  -6.8391228e+01  -2.1249378e-04
   2.1085428e+01  -7.6455128e+01   4.1520333e+01  -7.5006517e+01   7.3824430e+01  -7.3781342e+01   1.0811228e+02  -6.9339812e+01   1.1793150e+02  -6.8391228e+01   9.6434881e-04
   2.1117881e+01  -7.6574922e+01   4.1393699e+01  -7.5128728e+01   7.3705895e+01  -7.3661714e+01   1.0811228e+02  -6.9339812e+01   1.1794278e+02  -6.8386052e+01  -4.8959959e-04
   2.1085428e+01  -7.6455128e+01   4.1394647e+01  -7.5225565e+01   7.3748835e+01  -7.3901014e+01   1.0809109e+02  -6.9450989e+01   1.1793702e+02  -6.8495649e+01  -9.7114569e-04
   2.1085428e+01  -7.6455128e+01   4.1394647e+01  -7.5225565e+01   7.3630234e+01  -7.3781008e+01   1.0811749e+02  -6.9443663e+01   1.1793702e+02  -6.8495649e+01  -1.7020780e-04
   2.1117881e+01  -7.6574922e+01   4.0386192e+01  -7.3934498e+01   7.3748835e+01  -7.3901014e+01   1.0809630e+02  -6.9555005e+01   1.1793702e+02  -6.8495649e+01  -1.2458951e-03
   2.1085428e+01  -7.6455128e+01   4.1393699e+01  -7.5128728e+01   7.3631641e+01  -7.3878861e+01   1.0811749e+02  -6.9443663e+01   1.1793702e+02  -6.8495649e+01  -1.0644723e-03
   2.1117881e+01  -7.6574922e+01   4.1394647e+01  -7.5225565e+01   7.3824430e+01  -7.3781342e+01   1.0811749e+02  -6.9443663e+01   1.1793702e+02  -6.8495649e+01  -7.3728073e-05
   2.1085428e+01  -7.6455128e+01   4.1393699e+01  -7.5128728e+01   7.3748835e+01  -7.3901014e+01   1.0811749e+02  -6.9443663e+01   1.1793702e+02  -6.8495649e+01   5.5738921e-04
   2.1118567e+01  -7.6674952e+01   4.1394647e+01  -7.5225565e+01   7.3824430e+01  -7.3781342e+01   1.0811749e+02  -6.9443663e+01   1.1793702e+02  -6.8495649e+01   1.0166464e-03
   2.1085428e+01  -7.6455128e+01   4.1393699e+01  -7.5128728e+01   7.3748835e+01  -7.3901014e+01   1.0809630e+02  -6.9555005e+01   1.1793702e+02  -6.8495649e+01   2.0948987e-05
   2.1117881e+01  -7.6574922e+01   4.1328348e+01  -7.5008395e+01   7.3819290e+01  -7.3580224e+01   1.0810780e+02  -6.9143067e+01   1.1792635e+02  -6.8193273e+01   8.1420669e-04
   2.1086111e+01  -7.6555005e+01   4.1328348e+01  -7.5008395e+01   7.3622111e+01  -7.3383048e+01   1.0807382e+02  -6.8853122e+01   1.1791207e+02  -6.7790758e+01   6.0312986e-03
   2.1086111e+01  -7.6555005e+01   4.1391689e+01  -7.5026554e+01   7.3619979e+01  -7.3378798e+01   1.0805729e+02  -6.8444740e+01   1.1769618e+02  -6.7166067e+01   1.3049424e-02
   2.1117881e+01  -7.6574922e+01   4.1326343e+01  -7.4906381e+01   7.3613389e+01  -7.3079516e+01   1.0802607e+02  -6.8252918e+01   1.1767645e+02  -6.6872152e+01   2.6047759e-02
   2.1085428e+01  -7.6455128e+01   4.1326343e+01  -7.4906381e+01   7.3608265e+01  -7.2878484e+01   1.0783057e+02  -6.7633540e+01   1.1765268e+02  -6.6263208e+01   3.1453191e-02
   2.1086111e+01  -7.6555005e+01   4.1325402e+01  -7.4809704e+01   7.3603141e+01  -7.2677478e+01   1.0781338e+02  -6.7130383e+01   1.1743273e+02  -6.5750902e+01   3.9447194e-02
   2.1085428e+01  -7.6455128e+01   4.1323393e+01  -7.4707715e+01   7.3594347e+01  -7.2373731e+01   1.0779145e+02  -6.6524287e+01   1.1741395e+02  -6.5245908e+01   4.5228448e-02
   2.1117881e+01  -7.6574922e+01   4.1388732e+01  -7.4827571e+01   7.3592893e+01  -7.2275544e+01   1.0776250e+02  -6.6428787e+01   1.1739317e+02  -6.4736864e+01   4.9488209e-02
   2.1085428e+01  -7.6455128e+01   4.1323393e+01  -7.4707715e+01   7.3584097e+01  -7.1971888e+01   1.0756496e+02  -6.5714163e+01   1.1735996e+02  -6.4132271e+01   5.3877435e-02
   2.1117881e+01  -7.6574922e+01   4.1260759e+01  -7.4852698e+01   7.3577526e+01  -7.1672840e+01   1.0752363e+02  -6.5312130e+01   1.1713984e+02  -6.3619969e+01   6.0594978e-02
   2.1085428e+01  -7.6455128e+01   4.1320442e+01  -7.4509076e+01   7.3496505e+01  -7.1587913e+01   1.0731352e+02  -6.4909430e+01   1.1711794e+02  -6.3015259e+01   6.3444627e-02
   2.1085428e+01  -7.6455128e+01   4.1319511e+01  -7.4412401e+01   7.3486264e+01  -7.1185641e+01   1.0728440e+02  -6.4101289e+01   1.1688372e+02  -6.2101512e+01   6.6946070e-02
   2.1085428e+01  -7.6455128e+01   4.1384842e+01  -7.4531781e+01   7.3363030e+01  -7.0869282e+01   1.0709056e+02  -6.3490460e+01   1.1686355e+02  -6.1593364e+01   7.3248500e-02
   2.1085428e+01  -7.6455128e+01   4.1319511e+01  -7.4412401e+01   7.3354244e+01  -7.0565942e+01   1.0704133e+02  -6.2883760e+01   1.1663611e+02  -6.0879789e+01   7.5483315e-02
   2.1117881e+01  -7.6574922e+01   4.1190567e+01  -7.4431556e+01   7.3349135e+01  -7.0365243e+01   1.0685245e+02  -6.2377805e+01   1.1641349e+02  -6.0269623e+01   8.1501198e-02
   2.1085428e+01  -7.6455128e+01   4.1255796e+01  -7.4551153e+01   7.3266397e+01  -7.0180112e+01   1.0680771e+02  -6.1872774e+01   1.1638683e+02  -5.9562990e+01   8.5905016e-02
   2.1085428e+01  -7.6455128e+01   4.1316566e+01  -7.4213789e+01   7.3142076e+01  -6.9767058e+01   1.0658792e+02  -6.1170172e+01   1.1616101e+02  -5.8853795e+01   8.9756807e-02
   2.1085428e+01  -7.6455128e+01   4.1316566e+01  -7.4213789e+01   7.3247393e+01  -6.9474646e+01   1.0656701e+02  -6.0660967e+01   1.1593222e+02  -5.8137988e+01   9.2950364e-02
   2.1085428e+01  -7.6455128e+01   4.1314543e+01  -7.4111876e+01   7.3124590e+01  -6.9161292e+01   1.0634817e+02  -6.0054390e+01   1.1590009e+02  -5.7624031e+01   9.8346323e-02
   2.1086111e+01  -7.6555005e+01   4.1314543e+01  -7.4111876e+01   7.3118090e+01  -6.8862716e+01   1.0612943e+02  -5.9448095e+01   1.1568378e+02  -5.6824061e+01   1.0106027e-01
   2.1085428e+01  -7.6455128e+01   4.1186702e+01  -7.4135815e+01   7.3036489e+01  -6.8773611e+01   1.0611501e+02  -5.9045425e+01   1.1546949e+02  -5.6417666e+01   1.0341262e-01
   2.1117881e+01  -7.6574922e+01   4.1186702e+01  -7.4135815e+01   7.3032800e+01  -6.8671037e+01   1.0610058e+02  -5.8642857e+01   1.1543950e+02  -5.6000603e+01   1.0813156e-01
   2.1085428e+01  -7.6455128e+01   4.1186702e+01  -7.4135815e+01   7.3027708e+01  -6.8470274e+01   1.0589401e+02  -5.8341049e+01   1.1523007e+02  -5.5697069e+01   1.1017484e-01
   2.1085428e+01  -7.6455128e+01   4.1184681e+01  -7.4033761e+01   7.3017525e+01  -6.8068827e+01   1.0567070e+02  -5.7632879e+01   1.1499959e+02  -5.4591950e+01   1.1172738e-01
   2.1117881e+01  -7.6574922e+01   4.1311593e+01  -7.3913315e+01   7.2896463e+01  -6.7855602e+01   1.0565317e+02  -5.7225638e+01   1.1498183e+02  -5.4477682e+01   1.1731301e-01
   2.1085428e+01  -7.6455128e+01   4.1183764e+01  -7.3936932e+01   7.2818317e+01  -6.7867861e+01   1.0564915e+02  -5.7029644e+01   1.1478055e+02  -5.3989245e+01   1.2165604e-01
   2.1085428e+01  -7.6455128e+01   4.1183764e+01  -7.3936932e+01   7.2813239e+01  -6.7667203e+01   1.0543562e+02  -5.6527248e+01   1.1474696e+02  -5.3470325e+01   1.1822054e-01
   2.1085428e+01  -7.6455128e+01   4.1181739e+01  -7.3834903e+01   7.2808162e+01  -6.7466571e+01   1.0522684e+02  -5.6221811e+01   1.1453541e+02  -5.3163151e+01   1.2293632e-01
   2.1085428e+01  -7.6455128e+01   4.1308644e+01  -7.3714780e+01   7.2801705e+01  -6.7167811e+01   1.0521021e+02  -5.5721656e+01   1.1450368e+02  -5.2646458e+01   1.2710496e-01
   2.1085428e+01  -7.6455128e+01   4.1115825e+01  -7.3619961e+01   7.2597512e+01  -6.6766425e+01   1.0496383e+02  -5.5107186e+01   1.1427382e+02  -5.1836234e+01   1.2681556e-01
   2.1086111e+01  -7.6555005e+01   4.1180827e+01  -7.3738076e+01   7.2592451e+01  -6.6565905e+01   1.0473809e+02  -5.4395476e+01   1.1385473e+02  -5.0938306e+01   1.3568424e-01
   2.1085428e+01  -7.6455128e+01   4.1178796e+01  -7.3636072e+01   7.2585000e+01  -6.6360831e+01   1.0455328e+02  -5.3905000e+01   1.1364090e+02  -5.0533223e+01   1.3975130e-01
   2.1085428e+01  -7.6455128e+01   4.1177889e+01  -7.3539246e+01   7.2389686e+01  -6.6262803e+01   1.0451982e+02  -5.3790801e+01   1.1363321e+02  -5.0331791e+01   1.4171588e-01
   2.1086111e+01  -7.6555005e+01   4.1177889e+01  -7.3539246e+01   7.2379587e+01  -6.5861933e+01   1.0433339e+02  -5.3203571e+01   1.1341179e+02  -4.9725564e+01   1.4211496e-01
   2.1085428e+01  -7.6455128e+01   4.1110865e+01  -7.3319630e+01   7.2258312e+01  -6.5554914e+01   1.0408865e+02  -5.2684999e+01   1.1318281e+02  -4.8918387e+01   1.4793910e-01
   2.1117881e+01  -7.6574922e+01   4.1110865e+01  -7.3319630e+01   7.2174192e+01  -6.5362838e+01   1.0386600e+02  -5.1884301e+01   1.1294335e+02  -4.8193210e+01   1.5101585e-01
   2.1086111e+01  -7.6555005e+01   4.1302747e+01  -7.3317790e+01   7.2164126e+01  -6.4962194e+01   1.0365059e+02  -5.1379269e+01   1.1271708e+02  -4.7484477e+01   1.5634743e-01
   2.1117881e+01  -7.6574922e+01   4.1109964e+01  -7.3222963e+01   7.2156677e+01  -6.4757420e+01   1.0346495e+02  -5.0890205e+01   1.1231388e+02  -4.6899658e+01   1.6124058e-01
   2.1086111e+01  -7.6555005e+01   4.1107930e+01  -7.3121168e+01   7.1960168e+01  -6.4561419e+01   1.0339288e+02  -5.0554570e+01   1.1207634e+02  -4.6271197e+01   1.6526314e-01
   2.1086111e+01  -7.6555005e+01   4.1107930e+01  -7.3121168e+01   7.1947704e+01  -6.4156528e+01   1.0302836e+02  -4.9588524e+01   1.1185015e+02  -4.5563285e+01   1.7218655e-01
   2.1085428e+01  -7.6455128e+01   4.1104995e+01  -7.2922733e+01   7.1746255e+01  -6.3760431e+01   1.0274876e+02  -4.8948210e+01   1.1142316e+02  -4.4660855e+01   1.7426161e-01
   2.1117881e+01  -7.6574922e+01   4.1104995e+01  -7.2922733e+01   7.1737556e+01  -6.3458209e+01   1.0249701e+02  -4.8320995e+01   1.1117723e+02  -4.3922752e+01   1.8148855e-01
   2.1085428e+01  -7.6455128e+01   4.1104995e+01  -7.2922733e+01   7.1617407e+01  -6.3155401e+01   1.0214628e+02  -4.7757794e+01   1.1079296e+02  -4.3274658e+01   1.8877621e-01
   2.1117881e+01  -7.6574922e+01   4.1103055e+01  -7.2820606e+01   7.1449844e+01  -6.2960031e+01   1.0192517e+02  -4.6960535e+01   1.1055134e+02  -4.2543982e+01   1.9323880e-01
   2.1086111e+01  -7.6555005e+01   4.1102061e+01  -7.2724324e+01   7.1405230e+01  -6.2453899e+01   1.0154152e+02  -4.6376234e+01   1.1014240e+02  -4.1764886e+01   1.9595393e-01
   2.1117039e+01  -7.6480285e+01   4.1101175e+01  -7.2627662e+01   7.1433579e+01  -6.2261008e+01   1.0129736e+02  -4.5760192e+01   1.0988522e+02  -4.1103038e+01   2.0521267e-01
   2.1085428e+01  -7.6455128e+01   4.1099127e+01  -7.2525941e+01   7.1120068e+01  -6.1959639e+01   1.0104463e+02  -4.5130814e+01   1.0948054e+02  -4.0330628e+01   2.0835930e-01
   2.1117881e+01  -7.6574922e+01   4.1099127e+01  -7.2525941e+01   7.0993571e+01  -6.1455602e+01   1.0069652e+02  -4.4575623e+01   1.0907703e+02  -3.9751055e+01   2.2228388e-01
   2.1086111e+01  -7.6555005e+01   4.1099127e+01  -7.2525941e+01   7.1106449e+01  -6.1457970e+01   1.0065413e+02  -4.4252978e+01   1.0904561e+02  -3.9322295e+01   2.2438770e-01
   2.1085428e+01  -7.6455128e+01   4.1099127e+01  -7.2525941e+01   7.0906554e+01  -6.1160056e+01   1.0040513e+02  -4.3723465e+01   1.0862631e+02  -3.8621007e+01   2.2415473e-01
   2.1086111e+01  -7.6555005e+01   4.1096193e+01  -7.2327585e+01   7.0897914e+01  -6.0858410e+01   1.0022811e+02  -4.3252726e+01   1.0840898e+02  -3.8117350e+01   2.3287475e-01
   2.1085428e+01  -7.6455128e+01   4.0969015e+01  -7.2445464e+01   7.0781587e+01  -6.0754664e+01   1.0005503e+02  -4.2978007e+01   1.0822207e+02  -3.7947130e+01   2.3928773e-01
   2.1085428e+01  -7.6455128e+01   4.1031441e+01  -7.2211894e+01   7.0896444e+01  -6.0950439e+01   1.0009146e+02  -4.3198397e+01   1.0808807e+02  -3.7955831e+01   2.3719035e-01
   2.1086111e+01  -7.6555005e+01   4.1097177e+01  -7.2423866e+01   7.0985940e+01  -6.1250523e+01   1.0050930e+02  -4.3996467e+01   1.0868730e+02  -3.8913733e+01   2.3241643e-01
   2.1085428e+01  -7.6455128e+01   4.1099127e+01  -7.2525941e+01   7.1184266e+01  -6.1450200e+01   1.0072421e+02  -4.4498363e+01   1.0908959e+02  -3.9584395e+01   2.0666895e-01
   2.1086111e+01  -7.6555005e+01   4.1099127e+01  -7.2525941e+01   7.1193087e+01  -6.1752449e+01   1.0093431e+02  -4.4994100e+01   1.0950672e+02  -4.0282980e+01   1.8981062e-01
   2.1085428e+01  -7.6455128e+01   4.1100116e+01  -7.2622223e+01   7.1278201e+01  -6.1948403e+01   1.0117613e+02  -4.5512542e+01   1.0974458e+02  -4.0914388e+01   1.8397591e-01
   2.1117881e+01  -7.6574922e+01   4.1102061e+01  -7.2724324e+01   7.1397579e+01  -6.2248614e+01   1.0136557e+02  -4.6095344e+01   1.0994556e+02  -4.1484690e+01   1.7267834e-01
   2.1117881e+01  -7.6574922e+01   4.1102061e+01  -7.2724324e+01   7.1405230e+01  -6.2453899e+01   1.0176348e+02  -4.6297497e+01   1.1017375e+02  -4.1722296e+01   1.6470095e-01
   2.1117881e+01  -7.6574922e+01   4.1102061e+01  -7.2724324e+01   7.1604861e+01  -6.2750929e+01   1.0178535e+02  -4.6991730e+01   1.1057453e+02  -4.2489218e+01   1.5849141e-01
   2.1117881e+01  -7.6574922e+01   4.1103055e+01  -7.2820606e+01   7.1726133e+01  -6.3150012e+01   1.0219638e+02  -4.7496433e+01   1.1079513e+02  -4.3187550e+01   1.5521234e-01
   2.1085428e+01  -7.6455128e+01   4.1103055e+01  -7.2820606e+01   7.1729997e+01  -6.3253061e+01   1.0237653e+02  -4.7973836e+01   1.1099736e+02  -4.3666442e+01   1.4831742e-01
   2.1086111e+01  -7.6555005e+01   4.1104995e+01  -7.2922733e+01   7.1819521e+01  -6.3646925e+01   1.0248745e+02  -4.8532228e+01   1.1125116e+02  -4.4417036e+01   1.4105572e-01
   2.1085428e+01  -7.6455128e+01   4.1104995e+01  -7.2922733e+01   7.1943895e+01  -6.4053714e+01   1.0302079e+02  -4.9577731e+01   1.1185658e+02  -4.5479030e+01   1.3540733e-01
   2.1086111e+01  -7.6555005e+01   4.1231777e+01  -7.2804272e+01   7.1947704e+01  -6.4156528e+01   1.0303204e+02  -4.9783671e+01   1.1188340e+02  -4.5612388e+01   1.2623569e-01
   2.1241526e+01  -7.6332419e+01   4.1232776e+01  -7.2900398e+01   7.2026962e+01  -6.4149776e+01   1.0306335e+02  -4.9897600e+01   1.1208505e+02  -4.5905621e+01   1.2343174e-01
   2.1085428e+01  -7.6455128e+01   4.1297851e+01  -7.3017187e+01   7.2031988e+01  -6.4349650e+01   1.0326734e+02  -5.0195522e+01   1.1210110e+02  -4.6403285e+01   1.2599536e-01
   2.1117881e+01  -7.6574922e+01   4.1172913e+01  -7.3238487e+01   7.2239449e+01  -6.4852453e+01   1.0370047e+02  -5.1301455e+01   1.1273809e+02  -4.7419149e+01   1.2067602e-01
   2.1086111e+01  -7.6555005e+01   4.1172913e+01  -7.3238487e+01   7.2245717e+01  -6.5149655e+01   1.0388342e+02  -5.1786161e+01   1.1276103e+02  -4.8021355e+01   1.1305894e-01
   2.1085428e+01  -7.6455128e+01   4.1237660e+01  -7.3200524e+01   7.2250758e+01  -6.5349660e+01   1.0393301e+02  -5.2399787e+01   1.1281238e+02  -4.8661299e+01   1.0840625e-01
   2.1241526e+01  -7.6332419e+01   4.1237660e+01  -7.3200524e+01   7.2377074e+01  -6.5856692e+01   1.0431998e+02  -5.3088823e+01   1.1322419e+02  -4.9449159e+01   1.0684322e-01
   2.1086111e+01  -7.6555005e+01   4.1302747e+01  -7.3317790e+01   7.2497501e+01  -6.6067137e+01   1.0435964e+02  -5.3307410e+01   1.1343005e+02  -4.9939280e+01   1.0062139e-01
   2.1086111e+01  -7.6555005e+01   4.1305696e+01  -7.3516272e+01   7.2582374e+01  -6.6354863e+01   1.0475581e+02  -5.4295855e+01   1.1385965e+02  -5.0942390e+01   9.7816409e-02
   2.1242219e+01  -7.6432136e+01   4.1305696e+01  -7.3516272e+01   7.2668438e+01  -6.6550765e+01   1.0480776e+02  -5.4816606e+01   1.1408604e+02  -5.1554956e+01   9.3224302e-02
   2.1117881e+01  -7.6574922e+01   4.1305696e+01  -7.3516272e+01   7.2790429e+01  -6.6859524e+01   1.0501979e+02  -5.5316385e+01   1.1411425e+02  -5.1971569e+01   8.7082799e-02
   2.1085428e+01  -7.6455128e+01   4.1181739e+01  -7.3834903e+01   7.2683644e+01  -6.7151407e+01   1.0523766e+02  -5.5919861e+01   1.1453052e+02  -5.2865000e+01   8.3119543e-02
   2.1117881e+01  -7.6574922e+01   4.1181739e+01  -7.3834903e+01   7.2805671e+01  -6.7461220e+01   1.0525199e+02  -5.6321040e+01   1.1455664e+02  -5.3182612e+01   7.9196580e-02
   2.1117881e+01  -7.6574922e+01   4.1308644e+01  -7.3714780e+01   7.2887567e+01  -6.7552248e+01   1.0564188e+02  -5.7018342e+01   1.1477925e+02  -5.3885642e+01   7.5439786e-02
   2.1117881e+01  -7.6574922e+01   4.1310676e+01  -7.3816645e+01   7.2893860e+01  -6.7849516e+01   1.0568809e+02  -5.7529161e+01   1.1499856e+02  -5.4781046e+01   7.0154620e-02
   2.1117881e+01  -7.6574922e+01   4.1310676e+01  -7.3816645e+01   7.3018860e+01  -6.8166658e+01   1.0588054e+02  -5.8129695e+01   1.1522359e+02  -5.5297688e+01   6.7323831e-02
   2.1085428e+01  -7.6455128e+01   4.1311593e+01  -7.3913315e+01   7.3025232e+01  -6.8464854e+01   1.0608616e+02  -5.8430220e+01   1.1524440e+02  -5.5605757e+01   6.4751144e-02
   2.1085428e+01  -7.6455128e+01   4.1311593e+01  -7.3913315e+01   7.3105555e+01  -6.8457070e+01   1.0612460e+02  -5.8738399e+01   1.1544902e+02  -5.6101124e+01   6.6840622e-02
   2.1241526e+01  -7.6332419e+01   4.1314543e+01  -7.4111876e+01   7.3117030e+01  -6.8955320e+01   1.0617737e+02  -5.9447097e+01   1.1568924e+02  -5.6917411e+01   6.4021334e-02
   2.1242219e+01  -7.6432136e+01   4.1314543e+01  -7.4111876e+01   7.3125938e+01  -6.9259001e+01   1.0637768e+02  -6.0251685e+01   1.1592391e+02  -5.7733883e+01   5.6052122e-02
   2.1085428e+01  -7.6455128e+01   4.1314543e+01  -7.4111876e+01   7.3132326e+01  -6.9556903e+01   1.0656842e+02  -6.0948060e+01   1.1594903e+02  -5.8437003e+01   5.3367305e-02
   2.1242219e+01  -7.6432136e+01   4.1314543e+01  -7.4111876e+01   7.3331355e+01  -6.9757790e+01   1.0663546e+02  -6.1258990e+01   1.1617112e+02  -5.9045376e+01   4.9399641e-02
   2.1085428e+01  -7.6455128e+01   4.1380893e+01  -7.4327218e+01   7.3260265e+01  -7.0071874e+01   1.0681767e+02  -6.1657638e+01   1.1637101e+02  -5.9442508e+01   4.5842236e-02
   2.1086111e+01  -7.6555005e+01   4.1317492e+01  -7.4310463e+01   7.3346692e+01  -7.0359687e+01   1.0704373e+02  -6.2465391e+01   1.1642618e+02  -6.0261168e+01   4.5005320e-02
   2.1241526e+01  -7.6332419e+01   4.1317492e+01  -7.4310463e+01   7.3355612e+01  -7.0663696e+01   1.0707154e+02  -6.3174341e+01   1.1665333e+02  -6.1176332e+01   3.9136998e-02
   2.1085428e+01  -7.6455128e+01   4.1318526e+01  -7.4406748e+01   7.3437991e+01  -7.0847083e+01   1.0710997e+02  -6.3572601e+01   1.1687101e+02  -6.1778810e+01   3.5883010e-02
   2.1085428e+01  -7.6455128e+01   4.1320442e+01  -7.4509076e+01   7.3443106e+01  -7.1047520e+01   1.0730637e+02  -6.4281701e+01   1.1690191e+02  -6.2286171e+01   3.3516586e-02
   2.1117881e+01  -7.6574922e+01   4.1320442e+01  -7.4509076e+01   7.3570106e+01  -7.1467100e+01   1.0734188e+02  -6.4484659e+01   1.1692416e+02  -6.2795250e+01   2.9708244e-02
   2.1085428e+01  -7.6455128e+01   4.1388732e+01  -7.4827571e+01   7.3576553e+01  -7.1765348e+01   1.0754996e+02  -6.5404051e+01   1.1695572e+02  -6.3604110e+01   2.5187667e-02
   2.1085428e+01  -7.6455128e+01   4.1323393e+01  -7.4707715e+01   7.3580358e+01  -7.1868798e+01   1.0756456e+02  -6.5807786e+01   1.1716951e+02  -6.4218880e+01   2.2147215e-02
   2.1085428e+01  -7.6455128e+01   4.1323393e+01  -7.4707715e+01   7.3586810e+01  -7.2167109e+01   1.0759558e+02  -6.6001712e+01   1.1719427e+02  -6.4410587e+01   1.9931523e-02
   2.1242219e+01  -7.6432136e+01   4.1323393e+01  -7.4707715e+01   7.3667592e+01  -7.2251026e+01   1.0780878e+02  -6.6504704e+01   1.1740849e+02  -6.5026366e+01   1.9358553e-02
   2.1241526e+01  -7.6332419e+01   4.1325402e+01  -7.4809704e+01   7.3671393e+01  -7.2354371e+01   1.0780573e+02  -6.7022004e+01   1.1742840e+02  -6.5437948e+01   1.3599410e-02
   2.1085428e+01  -7.6455128e+01   4.1325402e+01  -7.4809704e+01   7.3600867e+01  -7.2672509e+01   1.0783645e+02  -6.7214203e+01   1.1743839e+02  -6.5738618e+01   1.2146142e-02
   2.1274168e+01  -7.6451841e+01   4.1326343e+01  -7.4906381e+01   7.3800132e+01  -7.2873837e+01   1.0785108e+02  -6.7617781e+01   1.1746858e+02  -6.6240419e+01   1.2756807e-02
   2.1085428e+01  -7.6455128e+01   4.1326343e+01  -7.4906381e+01   7.3686780e+01  -7.2956373e+01   1.0788718e+02  -6.7912756e+01   1.1767077e+02  -6.6649848e+01   7.8256271e-03
   2.1085428e+01  -7.6455128e+01   4.1326343e+01  -7.4906381e+01   7.3691910e+01  -7.3157092e+01   1.0805629e+02  -6.8537414e+01   1.1788592e+02  -6.7270747e+01   3.8400209e-03
   2.1274168e+01  -7.6451841e+01   4.1393699e+01  -7.5128728e+01   7.3695638e+01  -7.3260157e+01   1.0808297e+02  -6.8531846e+01   1.1789176e+02  -6.7375444e+01   4.3365626e-04
   2.1117881e+01  -7.6574922e+01   4.1326343e+01  -7.4906381e+01   7.3695638e+01  -7.3260157e+01   1.0806697e+02  -6.8745675e+01   1.1770652e+02  -6.7467413e+01   2.8089710e-04
   2.1086111e+01  -7.6555005e+01   4.1328348e+01  -7.5008395e+01   7.3695638e+01  -7.3260157e+01   1.0809029e+02  -6.8733799e+01   1.1790523e+02  -6.7682915e+01  -2.1712539e-03
   2.1086111e+01  -7.6555005e+01   4.1394647e+01  -7.5225565e+01   7.3625106e+01  -7.3579890e+01   1.0809029e+02  -6.8733799e+01   1.1790523e+02  -6.7682915e+01  -1.0801344e-03
   2.1085428e+01  -7.6455128e+01   4.1393699e+01  -7.5128728e+01   7.3819290e+01  -7.3580224e+01   1.0809762e+02  -6.8935778e+01   1.1790765e+02  -6.7781681e+01  -1.3741093e-03
   2.1209673e+01  -7.6312921e+01   4.1328348e+01  -7.5008395e+01   7.3699299e+01  -7.3362854e+01   1.0809551e+02  -6.8837604e+01   1.1791318e+02  -6.7886060e+01  -1.1570551e-03
   2.1086111e+01  -7.6555005e+01   4.1328348e+01  -7.5008395e+01   7.3700766e+01  -7.3460922e+01   1.0809551e+02  -6.8837604e+01   1.1791896e+02  -6.7777446e+01  -8.9099639e-04
   2.1241526e+01  -7.6332419e+01   4.1328348e+01  -7.5008395e+01   7.3700766e+01  -7.3460922e+01   1.0809551e+02  -6.8837604e+01   1.1791896e+02  -6.7777446e+01  -6.3438577e-04
   2.1117881e+01  -7.6574922e+01   4.1328348e+01  -7.5008395e+01   7.3700766e+01  -7.3460922e+01   1.0810283e+02  -6.9039598e+01   1.1792138e+02  -6.7876062e+01   6.2949810e-04
   2.1085428e+01  -7.6455128e+01   4.1454885e+01  -7.4886562e+01   7.3700766e+01  -7.3460922e+01   1.0810283e+02  -6.9039598e+01   1.1791896e+02  -6.7777446e+01  -2.2244079e-03
   2.1242219e+01  -7.6432136e+01   4.1393699e+01  -7.5128728e+01   7.3700766e+01  -7.3460922e+01   1.0810283e+02  -6.9039598e+01   1.1792138e+02  -6.7876062e+01  -9.0950765e-04
   2.1085428e+01  -7.6455128e+01   4.1328348e+01  -7.5008395e+01   7.3700766e+01  -7.3460922e+01   1.0810283e+02  -6.9039598e+01   1.1792690e+02  -6.7980289e+01  -8.4351842e-04
   2.1117881e+01  -7.6574922e+01   4.1454885e+01  -7.4886562e+01   7.3700766e+01  -7.3460922e+01   1.0808163e+02  -6.9150289e+01   1.1792113e+02  -6.8089231e+01  -2.8600415e-03
   2.1085428e+01  -7.6455128e+01   4.1328348e+01  -7.5008395e+01   7.3700766e+01  -7.3460922e+01   1.0810283e+02  -6.9039598e+01   1.1792690e+02  -6.7980289e+01  -1.7551553e-03
   2.1241526e+01  -7.6332419e+01   4.1394647e+01  -7.5225565e+01   7.3820699e+01  -7.3678072e+01   1.0810283e+02  -6.9039598e+01   1.1792690e+02  -6.7980289e+01  -7.4877649e-04
   2.1086111e+01  -7.6555005e+01   4.1329294e+01  -7.5105073e+01   7.3700766e+01  -7.3460922e+01   1.0810283e+02  -6.9039598e+01   1.1792690e+02  -6.7980289e+01  -1.2667762e-03
   2.1053075e+01  -7.6335696e+01   4.1328348e+01  -7.5008395e+01   7.3819290e+01  -7.3580224e+01   1.0810283e+02  -6.9039598e+01   1.1792113e+02  -6.8089231e+01  -6.5855309e-04
   2.1086111e+01  -7.6555005e+01   4.1329294e+01  -7.5105073e+01   7.3704426e+01  -7.3563639e+01   1.0810283e+02  -6.9039598e+01   1.1792690e+02  -6.7980289e+01   1.3550896e-03
   2.1241526e+01  -7.6332419e+01   4.1329294e+01  -7.5105073e+01   7.3700766e+01  -7.3460922e+01   1.0810283e+02  -6.9039598e+01   1.1792690e+02  -6.7980289e+01   3.1756587e-04
   2.1242219e+01  -7.6432136e+01   4.1394647e+01  -7.5225565e+01   7.3700766e+01  -7.3460922e+01   1.0810283e+02  -6.9039598e+01   1.1772789e+02  -6.7977252e+01  -1.1301603e-03
   2.1085428e+01  -7.6455128e+01   4.1328348e+01  -7.5008395e+01   7.3700766e+01  -7.3460922e+01   1.0810283e+02  -6.9039598e+01   1.1792690e+02  -6.7980289e+01   6.0411498e-05
   2.1086111e+01  -7.6555005e+01   4.1520333e+01  -7.5006517e+01   7.3700766e+01  -7.3460922e+01   1.0810047e+02  -6.8941059e+01   1.1791840e+02  -6.7990090e+01   4.0826269e-04
   2.1086111e+01  -7.6555005e+01   4.1393699e+01  -7.5128728e+01   7.3817818e+01  -7.3481993e+01   1.0809055e+02  -6.8640197e+01   1.1790745e+02  -6.7687455e+01   6.2958361e-04
   2.1086111e+01  -7.6555005e+01   4.1393699e+01  -7.5128728e+01   7.3811147e+01  -7.3182303e+01   1.0805185e+02  -6.8246352e+01   1.1768542e+02  -6.7078318e+01   5.7786906e-03
   2.1086111e+01  -7.6555005e+01   4.1326343e+01  -7.4906381e+01   7.3565819e+01  -7.2642870e+01   1.0785212e+02  -6.7525288e+01   1.1765268e+02  -6.6263208e+01   1.9849027e-02
   2.1085428e+01  -7.6455128e+01   4.1325402e+01  -7.4809704e+01   7.3603141e+01  -7.2677478e+01   1.0783494e+02  -6.7022945e+01   1.1744090e+02  -6.5649581e+01   3.0118926e-02
   2.1085428e+01  -7.6455128e+01   4.1323393e+01  -7.4707715e+01   7.3592893e+01  -7.2275544e+01   1.0779145e+02  -6.6524287e+01   1.1740280e+02  -6.4943493e+01   4.0448160e-02
   2.1241526e+01  -7.6332419e+01   4.1323393e+01  -7.4707715e+01   7.3587770e+01  -7.2074616e+01   1.0757373e+02  -6.5919222e+01   1.1736520e+02  -6.4238065e+01   4.6886610e-02
   2.1242219e+01  -7.6432136e+01   4.1320442e+01  -7.4509076e+01   7.3457926e+01  -7.1458265e+01   1.0751380e+02  -6.5011036e+01   1.1712583e+02  -6.3218100e+01   5.3478930e-02
   2.1241526e+01  -7.6332419e+01   4.1320442e+01  -7.4509076e+01   7.3454319e+01  -7.1356115e+01   1.0732403e+02  -6.4501016e+01   1.1691334e+02  -6.2606031e+01   6.0913664e-02
   2.1118567e+01  -7.6674952e+01   4.1320442e+01  -7.4509076e+01   7.3368138e+01  -7.1070053e+01   1.0727259e+02  -6.3796582e+01   1.1687143e+02  -6.1796017e+01   6.5974285e-02
   2.1085428e+01  -7.6455128e+01   4.1319511e+01  -7.4412401e+01   7.3357923e+01  -7.0668538e+01   1.0707330e+02  -6.2988333e+01   1.1664842e+02  -6.0885189e+01   7.4623841e-02
   2.1241526e+01  -7.6332419e+01   4.1319511e+01  -7.4412401e+01   7.3347708e+01  -7.0267129e+01   1.0701952e+02  -6.2278405e+01   1.1641356e+02  -5.9970960e+01   7.7287214e-02
   2.1242219e+01  -7.6432136e+01   4.1317492e+01  -7.4310463e+01   7.3224914e+01  -6.9952868e+01   1.0680525e+02  -6.1774023e+01   1.1638208e+02  -5.9459991e+01   8.2553079e-02
   2.1086111e+01  -7.6555005e+01   4.1316566e+01  -7.4213789e+01   7.3257606e+01  -6.9876461e+01   1.0661415e+02  -6.1171321e+01   1.1596933e+02  -5.8753621e+01   8.8283588e-02
   2.1085428e+01  -7.6455128e+01   4.1316566e+01  -7.4213789e+01   7.3129684e+01  -6.9361834e+01   1.0656457e+02  -6.0562294e+01   1.1592945e+02  -5.8039040e+01   8.9619027e-02
   2.1241526e+01  -7.6332419e+01   4.1187624e+01  -7.4232646e+01   7.3124590e+01  -6.9161292e+01   1.0634575e+02  -5.9955758e+01   1.1571614e+02  -5.7338182e+01   9.5093472e-02
   2.1241526e+01  -7.6332419e+01   4.1313621e+01  -7.4015204e+01   7.3118090e+01  -6.8862716e+01   1.0613160e+02  -5.9451954e+01   1.1567177e+02  -5.6816053e+01   9.6868755e-02
   2.1086111e+01  -7.6555005e+01   4.1313621e+01  -7.4015204e+01   7.3109309e+01  -6.8559824e+01   1.0610779e+02  -5.8844128e+01   1.1545390e+02  -5.6013838e+01   1.0224533e-01
   2.1241526e+01  -7.6332419e+01   4.1184681e+01  -7.4033761e+01   7.3031398e+01  -6.8572829e+01   1.0589401e+02  -5.8341049e+01   1.1523971e+02  -5.5607707e+01   1.0643251e-01
   2.1086111e+01  -7.6555005e+01   4.1184681e+01  -7.4033761e+01   7.2900213e+01  -6.7958298e+01   1.0567070e+02  -5.7632879e+01   1.1499959e+02  -5.4591950e+01   1.0878789e-01
   2.1274168e+01  -7.6451841e+01   4.1310676e+01  -7.3816645e+01   7.2895134e+01  -6.7757939e+01   1.0565846e+02  -5.7328852e+01   1.1498404e+02  -5.4188615e+01   1.1395224e-01
   2.1085428e+01  -7.6455128e+01   4.1310676e+01  -7.3816645e+01   7.2895134e+01  -6.7757939e+01   1.0561723e+02  -5.6920010e+01   1.1476513e+02  -5.3972900e+01   1.1791345e-01
   2.1086111e+01  -7.6555005e+01   4.1310676e+01  -7.3816645e+01   7.2771764e+01  -6.7350230e+01   1.0543562e+02  -5.6527248e+01   1.1473660e+02  -5.3556392e+01   1.1816847e-01
   2.1242219e+01  -7.6432136e+01   4.1308644e+01  -7.3714780e+01   7.2808162e+01  -6.7466571e+01   1.0525212e+02  -5.6131674e+01   1.1454605e+02  -5.3077846e+01   1.2134882e-01
   2.1274864e+01  -7.6551711e+01   4.1308644e+01  -7.3714780e+01   7.2682386e+01  -6.7054121e+01   1.0521253e+02  -5.5820013e+01   1.1451728e+02  -5.2660854e+01   1.2514062e-01
   2.1085428e+01  -7.6455128e+01   4.1307732e+01  -7.3618112e+01   7.2676006e+01  -6.6756257e+01   1.0516336e+02  -5.5207837e+01   1.1427671e+02  -5.1935336e+01   1.2335186e-01
   2.1086111e+01  -7.6555005e+01   4.1242633e+01  -7.3500369e+01   7.2592451e+01  -6.6565905e+01   1.0477631e+02  -5.4611499e+01   1.1406604e+02  -5.1244905e+01   1.2973291e-01
   2.1085428e+01  -7.6455128e+01   4.1307732e+01  -7.3618112e+01   7.2588756e+01  -6.6463535e+01   1.0476411e+02  -5.4308113e+01   1.1385473e+02  -5.0938306e+01   1.3349592e-01
   2.1085428e+01  -7.6455128e+01   4.1305696e+01  -7.3516272e+01   7.2587390e+01  -6.6365413e+01   1.0473096e+02  -5.4194499e+01   1.1384702e+02  -5.0736815e+01   1.3966828e-01
   2.1085428e+01  -7.6455128e+01   4.1178796e+01  -7.3636072e+01   7.2467118e+01  -6.6155462e+01   1.0451982e+02  -5.3790801e+01   1.1363321e+02  -5.0331791e+01   1.3667031e-01
   2.1085428e+01  -7.6455128e+01   4.1304788e+01  -7.3419605e+01   7.2460711e+01  -6.5857395e+01   1.0433823e+02  -5.3305898e+01   1.1341693e+02  -4.9828383e+01   1.4039136e-01
   2.1242219e+01  -7.6432136e+01   4.1112895e+01  -7.3421449e+01   7.2260598e+01  -6.5558772e+01   1.0426247e+02  -5.2778253e+01   1.1335990e+02  -4.9085256e+01   1.4496424e-01
   2.1117881e+01  -7.6574922e+01   4.1237660e+01  -7.3200524e+01   7.2243203e+01  -6.4954859e+01   1.0385652e+02  -5.1679821e+01   1.1274569e+02  -4.7810218e+01   1.4807148e-01
   2.1085428e+01  -7.6455128e+01   4.1110865e+01  -7.3319630e+01   7.2165466e+01  -6.5060261e+01   1.0367536e+02  -5.1292345e+01   1.1253479e+02  -4.7504535e+01   1.5758622e-01
   2.1241526e+01  -7.6332419e+01   4.1109964e+01  -7.3222963e+01   7.2155397e+01  -6.4659705e+01   1.0343503e+02  -5.0874170e+01   1.1231388e+02  -4.6899658e+01   1.6070569e-01
   2.1085428e+01  -7.6455128e+01   4.1107930e+01  -7.3121168e+01   7.2072375e+01  -6.4564236e+01   1.0339068e+02  -5.0456237e+01   1.1209554e+02  -4.6299115e+01   1.6690105e-01
   2.1117881e+01  -7.6574922e+01   4.1233822e+01  -7.2905878e+01   7.1830932e+01  -6.3954809e+01   1.0299760e+02  -4.9570220e+01   1.1184774e+02  -4.5464901e+01   1.6779021e-01
   2.1242219e+01  -7.6432136e+01   4.1107034e+01  -7.3024503e+01   7.1824608e+01  -6.3657117e+01   1.0278014e+02  -4.8967757e+01   1.1160915e+02  -4.4833685e+01   1.7236229e-01
   2.1117881e+01  -7.6574922e+01   4.1104995e+01  -7.2922733e+01   7.1817164e+01  -6.3452893e+01   1.0256683e+02  -4.8561402e+01   1.1122053e+02  -4.4177981e+01   1.7936127e-01
   2.1085428e+01  -7.6455128e+01   4.1104995e+01  -7.2922733e+01   7.1622402e+01  -6.3355158e+01   1.0235461e+02  -4.8061762e+01   1.1119290e+02  -4.3851983e+01   1.8414430e-01
   2.1117881e+01  -7.6574922e+01   4.1102061e+01  -7.2724324e+01   7.1612412e+01  -6.2955670e+01   1.0216221e+02  -4.7281574e+01   1.1076373e+02  -4.3040945e+01   1.8675308e-01
   2.1274168e+01  -7.6451841e+01   4.1102061e+01  -7.2724324e+01   7.1527461e+01  -6.2759852e+01   1.0192031e+02  -4.6858523e+01   1.1052719e+02  -4.2411709e+01   1.9254816e-01
   2.1242219e+01  -7.6432136e+01   4.1101175e+01  -7.2627662e+01   7.1323737e+01  -6.2359688e+01   1.0167526e+02  -4.6335748e+01   1.1010567e+02  -4.1707006e+01   1.9538436e-01
   2.1086111e+01  -7.6555005e+01   4.0973985e+01  -7.2746029e+01   7.1320046e+01  -6.2257701e+01   1.0129034e+02  -4.5654943e+01   1.0989551e+02  -4.0930839e+01   2.0413592e-01
   2.1117881e+01  -7.6574922e+01   4.1099127e+01  -7.2525941e+01   7.1196881e+01  -6.1854876e+01   1.0111541e+02  -4.5375887e+01   1.0952535e+02  -4.0591452e+01   2.1227742e-01
   2.1085428e+01  -7.6455128e+01   4.1100116e+01  -7.2622223e+01   7.1278201e+01  -6.1948403e+01   1.0118165e+02  -4.5519669e+01   1.0972609e+02  -4.0883694e+01   2.1386165e-01
   2.1053754e+01  -7.6435420e+01   4.1102061e+01  -7.2724324e+01   7.1401432e+01  -6.2351412e+01   1.0139650e+02  -4.6021445e+01   1.0994556e+02  -4.1484690e+01   2.0789579e-01
   2.1085428e+01  -7.6455128e+01   4.1103055e+01  -7.2820606e+01   7.1406417e+01  -6.2551052e+01   1.0160654e+02  -4.6516968e+01   1.1036231e+02  -4.2087626e+01   1.8973143e-01
   2.1086111e+01  -7.6555005e+01   4.1102061e+01  -7.2724324e+01   7.1526204e+01  -6.2852791e+01   1.0195550e+02  -4.7075076e+01   1.1056321e+02  -4.2563888e+01   1.7839747e-01
   2.1242219e+01  -7.6432136e+01   4.1103055e+01  -7.2820606e+01   7.1614858e+01  -6.3150339e+01   1.0217358e+02  -4.7772531e+01   1.1080085e+02  -4.3194321e+01   1.6683045e-01
   2.1085428e+01  -7.6455128e+01   4.1231777e+01  -7.2804272e+01   7.1735008e+01  -6.3453129e+01   1.0241297e+02  -4.8096312e+01   1.1103766e+02  -4.3822858e+01   1.6058630e-01
   2.1053754e+01  -7.6435420e+01   4.1231777e+01  -7.2804272e+01   7.1820621e+01  -6.3743442e+01   1.0265424e+02  -4.8707377e+01   1.1125872e+02  -4.4616981e+01   1.5174824e-01
   2.1086111e+01  -7.6555005e+01   4.1232776e+01  -7.2900398e+01   7.1829551e+01  -6.4046554e+01   1.0284753e+02  -4.9393389e+01   1.1168279e+02  -4.5324452e+01   1.4305431e-01
   2.1086111e+01  -7.6555005e+01   4.1107930e+01  -7.3121168e+01   7.1948919e+01  -6.4253887e+01   1.0306756e+02  -4.9903525e+01   1.1207595e+02  -4.5985925e+01   1.3443771e-01
   2.1086111e+01  -7.6555005e+01   4.1107930e+01  -7.3121168e+01   7.2033151e+01  -6.4446520e+01   1.0327438e+02  -5.0395308e+01   1.1212209e+02  -4.6432608e+01   1.2954914e-01
   2.1085428e+01  -7.6455128e+01   4.1172913e+01  -7.3238487e+01   7.2235637e+01  -6.4749723e+01   1.0349742e+02  -5.1099837e+01   1.1253267e+02  -4.7216516e+01   1.2692026e-01
   2.1117881e+01  -7.6574922e+01   4.1300804e+01  -7.3215617e+01   7.2241849e+01  -6.5046560e+01   1.0370953e+02  -5.1694286e+01   1.1274829e+02  -4.7909996e+01   1.1819210e-01
   2.1086111e+01  -7.6555005e+01   4.1302747e+01  -7.3317790e+01   7.2366968e+01  -6.5455954e+01   1.0412911e+02  -5.2401543e+01   1.1299677e+02  -4.8741314e+01   1.1463182e-01
   2.1085428e+01  -7.6455128e+01   4.1302747e+01  -7.3317790e+01   7.2453263e+01  -6.5652759e+01   1.0431749e+02  -5.2894971e+01   1.1322160e+02  -4.9255139e+01   1.0842463e-01
   2.1085428e+01  -7.6455128e+01   4.1112895e+01  -7.3421449e+01   7.2454502e+01  -6.5750006e+01   1.0433171e+02  -5.3295960e+01   1.1342237e+02  -4.9738249e+01   1.0421145e-01
   2.1085428e+01  -7.6455128e+01   4.1237660e+01  -7.3200524e+01   7.2459556e+01  -6.5950089e+01   1.0439438e+02  -5.3518453e+01   1.1344492e+02  -5.0053328e+01   1.0219175e-01
   2.1117881e+01  -7.6574922e+01   4.1305696e+01  -7.3516272e+01   7.2663370e+01  -6.6350604e+01   1.0458548e+02  -5.4206947e+01   1.1385965e+02  -5.0942390e+01   1.0093739e-01
   2.1241526e+01  -7.6332419e+01   4.1305696e+01  -7.3516272e+01   7.2668438e+01  -6.6550765e+01   1.0480201e+02  -5.4713188e+01   1.1407832e+02  -5.1353696e+01   9.5187641e-02
   2.1085428e+01  -7.6455128e+01   4.1305696e+01  -7.3516272e+01   7.2672252e+01  -6.6653678e+01   1.0497848e+02  -5.4906519e+01   1.1409201e+02  -5.1658560e+01   8.9513024e-02
   2.1085428e+01  -7.6455128e+01   4.1307732e+01  -7.3618112e+01   7.2673506e+01  -6.6750953e+01   1.0501264e+02  -5.5115917e+01   1.1430123e+02  -5.2057182e+01   8.9067431e-02
   2.1241526e+01  -7.6332419e+01   4.1181739e+01  -7.3834903e+01   7.2877402e+01  -6.7151689e+01   1.0523766e+02  -5.5919861e+01   1.1434313e+02  -5.2778053e+01   8.6302187e-02
   2.1086111e+01  -7.6555005e+01   4.1308644e+01  -7.3714780e+01   7.2882484e+01  -6.7351955e+01   1.0545564e+02  -5.6523615e+01   1.1456564e+02  -5.3480861e+01   8.5264772e-02
   2.1241526e+01  -7.6332419e+01   4.1309664e+01  -7.3811065e+01   7.2892650e+01  -6.7752566e+01   1.0549703e+02  -5.7026807e+01   1.1479823e+02  -5.4097062e+01   7.9248683e-02
   2.1086111e+01  -7.6555005e+01   4.1310676e+01  -7.3816645e+01   7.2897733e+01  -6.7952911e+01   1.0568809e+02  -5.7529161e+01   1.1499856e+02  -5.4781046e+01   7.3153515e-02
   2.1242219e+01  -7.6432136e+01   4.1311593e+01  -7.3913315e+01   7.3023954e+01  -6.8367375e+01   1.0588054e+02  -5.8129695e+01   1.1523505e+02  -5.5306825e+01   7.0449737e-02
   2.1274219e+01  -7.6456842e+01   4.1311593e+01  -7.3913315e+01   7.3101738e+01  -6.8353973e+01   1.0594348e+02  -5.8344735e+01   1.1524569e+02  -5.5702913e+01   6.6587020e-02
   2.1086111e+01  -7.6555005e+01   4.1311593e+01  -7.3913315e+01   7.3106835e+01  -6.8554396e+01   1.0613181e+02  -5.8939360e+01   1.1546612e+02  -5.6212834e+01   6.6669524e-02
   2.1086111e+01  -7.6555005e+01   4.1313621e+01  -7.4015204e+01   7.3110650e+01  -6.8657514e+01   1.0614478e+02  -5.9244172e+01   1.1567551e+02  -5.6715747e+01   6.3494660e-02
   2.1241526e+01  -7.6332419e+01   4.1313621e+01  -7.4015204e+01   7.3115746e+01  -6.8857983e+01   1.0615751e+02  -5.9548744e+01   1.1570009e+02  -5.7028267e+01   5.9586051e-02
   2.1118567e+01  -7.6674952e+01   4.1314543e+01  -7.4111876e+01   7.3120842e+01  -6.9058479e+01   1.0636321e+02  -5.9849434e+01   1.1570979e+02  -5.7327822e+01   5.9422759e-02
   2.1241526e+01  -7.6332419e+01   4.1314543e+01  -7.4111876e+01   7.3127227e+01  -6.9356349e+01   1.0655391e+02  -6.0545013e+01   1.1593336e+02  -5.8033268e+01   5.8594428e-02
   2.1085428e+01  -7.6455128e+01   4.1314543e+01  -7.4111876e+01   7.3132326e+01  -6.9556903e+01   1.0659773e+02  -6.0954653e+01   1.1595687e+02  -5.8638909e+01   5.4523743e-02
   2.1086111e+01  -7.6555005e+01   4.1316566e+01  -7.4213789e+01   7.3330058e+01  -6.9660431e+01   1.0663946e+02  -6.1265403e+01   1.1616122e+02  -5.9042346e+01   4.8626251e-02
   2.1085428e+01  -7.6455128e+01   4.1316566e+01  -7.4213789e+01   7.3222592e+01  -6.9948064e+01   1.0682941e+02  -6.1866072e+01   1.1639167e+02  -5.9556393e+01   5.0512154e-02
   2.1086111e+01  -7.6555005e+01   4.1317492e+01  -7.4310463e+01   7.3346692e+01  -7.0359687e+01   1.0686963e+02  -6.2363208e+01   1.1642618e+02  -6.0261168e+01   4.4778998e-02
   2.1085428e+01  -7.6455128e+01   4.1382819e+01  -7.4429682e+01   7.3351806e+01  -7.0560371e+01   1.0707154e+02  -6.3174341e+01   1.1665469e+02  -6.0974113e+01   4.0639992e-02
   2.1241526e+01  -7.6332419e+01   4.1319511e+01  -7.4412401e+01   7.3475023e+01  -7.0876174e+01   1.0710713e+02  -6.3378498e+01   1.1667044e+02  -6.1378015e+01   3.3854899e-02
   2.1274168e+01  -7.6451841e+01   4.1320442e+01  -7.4509076e+01   7.3440423e+01  -7.0852676e+01   1.0711989e+02  -6.3683502e+01   1.1687445e+02  -6.1989560e+01   3.5161334e-02
   2.1209673e+01  -7.6312921e+01   4.1320442e+01  -7.4509076e+01   7.3445534e+01  -7.1053128e+01   1.0730901e+02  -6.4191170e+01   1.1689947e+02  -6.2393145e+01   3.2657981e-02
   2.1085428e+01  -7.6455128e+01   4.1320442e+01  -7.4509076e+01   7.3452022e+01  -7.1351225e+01   1.0734320e+02  -6.4581585e+01   1.1711733e+02  -6.2996124e+01   3.0111221e-02
   2.1086111e+01  -7.6555005e+01   4.1387794e+01  -7.4730737e+01   7.3575232e+01  -7.1667936e+01   1.0753874e+02  -6.5195646e+01   1.1695497e+02  -6.3300598e+01   2.7639298e-02
   2.1085428e+01  -7.6455128e+01   4.1323393e+01  -7.4707715e+01   7.3580358e+01  -7.1868798e+01   1.0758098e+02  -6.5598557e+01   1.1716844e+02  -6.3913820e+01   2.4209610e-02
   2.1085428e+01  -7.6455128e+01   4.1322456e+01  -7.4611039e+01   7.3467366e+01  -7.1952834e+01   1.0759376e+02  -6.5904041e+01   1.1737442e+02  -6.4326195e+01   1.9473543e-02
   2.1242219e+01  -7.6432136e+01   4.1323393e+01  -7.4707715e+01   7.3472481e+01  -7.2153423e+01   1.0761018e+02  -6.6404969e+01   1.1739407e+02  -6.4927783e+01   2.0411111e-02
   2.1053754e+01  -7.6435420e+01   4.1325402e+01  -7.4809704e+01   7.3553315e+01  -7.2237236e+01   1.0780025e+02  -6.6917833e+01   1.1742433e+02  -6.5431340e+01   1.5438942e-02
   2.1242219e+01  -7.6432136e+01   4.1325402e+01  -7.4809704e+01   7.3680255e+01  -7.2658017e+01   1.0783460e+02  -6.7116473e+01   1.1745068e+02  -6.5737868e+01   1.3084715e-02
   2.1242219e+01  -7.6432136e+01   4.1326343e+01  -7.4906381e+01   7.3681651e+01  -7.2755679e+01   1.0801962e+02  -6.7526487e+01   1.1764696e+02  -6.6252720e+01   9.5864733e-03
   2.1053754e+01  -7.6435420e+01   4.1326343e+01  -7.4906381e+01   7.3685382e+01  -7.2858704e+01   1.0785108e+02  -6.7617781e+01   1.1766103e+02  -6.6349354e+01   7.4362906e-03
   2.1085428e+01  -7.6455128e+01   4.1452874e+01  -7.4784714e+01   7.3686780e+01  -7.2956373e+01   1.0788718e+02  -6.7912756e+01   1.1767690e+02  -6.6754685e+01   6.6779949e-03
   2.1085428e+01  -7.6455128e+01   4.1328348e+01  -7.5008395e+01   7.3616252e+01  -7.3275567e+01   1.0807564e+02  -6.8329919e+01   1.1769066e+02  -6.7061899e+01   3.9743423e-03
   2.1053754e+01  -7.6435420e+01   4.1326343e+01  -7.4906381e+01   7.3695638e+01  -7.3260157e+01   1.0808297e+02  -6.8531846e+01   1.1769859e+02  -6.7264643e+01   4.3344327e-04
   2.1209673e+01  -7.6312921e+01   4.1328348e+01  -7.5008395e+01   7.3695638e+01  -7.3260157e+01   1.0790726e+02  -6.8419857e+01   1.1789970e+02  -6.7578550e+01  -9.8354937e-05
   2.1085428e+01  -7.6455128e+01   4.1454885e+01  -7.4886562e+01   7.3697040e+01  -7.3357837e+01   1.0791247e+02  -6.8523479e+01   1.1789970e+02  -6.7578550e+01   4.8252609e-04
   2.1086111e+01  -7.6555005e+01   4.1454885e+01  -7.4886562e+01   7.3697040e+01  -7.3357837e+01   1.0791457e+02  -6.8621479e+01   1.1791102e+02  -6.7574629e+01  -3.1269758e-03
   2.1241526e+01  -7.6332419e+01   4.1329294e+01  -7.5105073e+01   7.3700766e+01  -7.3460922e+01   1.0807194e+02  -6.8849279e+01   1.1791102e+02  -6.7574629e+01  -1.3217526e-03
   2.1208984e+01  -7.6213356e+01   4.1328348e+01  -7.5008395e+01   7.3697040e+01  -7.3357837e+01   1.0809551e+02  -6.8837604e+01   1.1790523e+02  -6.7682915e+01  -4.9396471e-04
   2.1209673e+01  -7.6312921e+01   4.1329294e+01  -7.5105073e+01   7.3697040e+01  -7.3357837e+01   1.0809551e+02  -6.8837604e+01   1.1791344e+02  -6.7673233e+01  -1.4196990e-03
   2.1085428e+01  -7.6455128e+01   4.1328348e+01  -7.5008395e+01   7.3700766e+01  -7.3460922e+01   1.0807430e+02  -6.8947969e+01   1.1791318e+02  -6.7886060e+01  -1.0588042e-03
   2.1242219e+01  -7.6432136e+01   4.1454885e+01  -7.4886562e+01   7.3700766e+01  -7.3460922e+01   1.0809551e+02  -6.8837604e+01   1.1791896e+02  -6.7777446e+01  -2.0362071e-03
   2.1242219e+01  -7.6432136e+01   4.1521281e+01  -7.5103195e+01   7.3700766e+01  -7.3460922e+01   1.0809551e+02  -6.8837604e+01   1.1791896e+02  -6.7777446e+01  -6.8529387e-04
   2.1086111e+01  -7.6555005e+01   4.1328348e+01  -7.5008395e+01   7.3700766e+01  -7.3460922e+01   1.0809551e+02  -6.8837604e+01   1.1791896e+02  -6.7777446e+01  -1.8561188e-03
   2.1086111e+01  -7.6555005e+01   4.1328348e+01  -7.5008395e+01   7.3700766e+01  -7.3460922e+01   1.0809551e+02  -6.8837604e+01   1.1791896e+02  -6.7777446e+01  -9.2750063e-04
   2.1085428e+01  -7.6455128e+01   4.1455831e+01  -7.4983083e+01   7.3700766e+01  -7.3460922e+01   1.0809551e+02  -6.8837604e+01   1.1791896e+02  -6.7777446e+01   2.2766533e-04
   2.1086111e+01  -7.6555005e+01   4.1394647e+01  -7.5225565e+01   7.3700766e+01  -7.3460922e+01   1.0809551e+02  -6.8837604e+01   1.1791896e+02  -6.7777446e+01  -1.1024840e-03
   2.1086111e+01  -7.6555005e+01   4.1455831e+01  -7.4983083e+01   7.3699299e+01  -7.3362854e+01   1.0809315e+02  -6.8739077e+01   1.1791324e+02  -6.7579168e+01  -5.1330673e-04
   2.1241526e+01  -7.6332419e+01   4.1454885e+01  -7.4886562e+01   7.3618514e+01  -7.3280575e+01   1.0806202e+02  -6.8547966e+01   1.1789458e+02  -6.7380694e+01   2.0571902e-03
   2.1053075e+01  -7.6335696e+01   4.1391689e+01  -7.5026554e+01   7.3692647e+01  -7.3063656e+01   1.0804737e+02  -6.8143503e+01   1.1768258e+02  -6.6765172e+01   8.9536111e-03
   2.1242219e+01  -7.6432136e+01   4.1326343e+01  -7.4906381e+01   7.3613389e+01  -7.3079516e+01   1.0803721e+02  -6.7841968e+01   1.1766525e+02  -6.6569400e+01   1.5523292e-02
   2.1242219e+01  -7.6432136e+01   4.1325402e+01  -7.4809704e+01   7.3682400e+01  -7.2662234e+01   1.0784673e+02  -6.7327341e+01   1.1764149e+02  -6.5960577e+01   2.3250681e-02
   2.1241526e+01  -7.6332419e+01   4.1325402e+01  -7.4809704e+01   7.3598017e+01  -7.2476498e+01   1.0779876e+02  -6.6726293e+01   1.1742044e+02  -6.5141542e+01   3.4089569e-02
   2.1086111e+01  -7.6555005e+01   4.1323393e+01  -7.4707715e+01   7.3550481e+01  -7.2041884e+01   1.0760594e+02  -6.6114730e+01   1.1739351e+02  -6.4434792e+01   4.1492446e-02
   2.1086111e+01  -7.6555005e+01   4.1323393e+01  -7.4707715e+01   7.3468143e+01  -7.1859373e+01   1.0756218e+02  -6.5614979e+01   1.1717112e+02  -6.3824901e+01   4.6797966e-02
   2.1085428e+01  -7.6455128e+01   4.1323393e+01  -7.4707715e+01   7.3459429e+01  -7.1556638e+01   1.0754561e+02  -6.5207437e+01   1.1715170e+02  -6.3621450e+01   5.3708979e-02
   2.1241526e+01  -7.6332419e+01   4.1322456e+01  -7.4611039e+01   7.3455758e+01  -7.1454111e+01   1.0733383e+02  -6.4801535e+01   1.1712114e+02  -6.3114893e+01   5.8708911e-02
   2.1241526e+01  -7.6332419e+01   4.1322456e+01  -7.4611039e+01   7.3449209e+01  -7.1155618e+01   1.0731675e+02  -6.4299306e+01   1.1690229e+02  -6.2304168e+01   6.1842923e-02
   2.1241526e+01  -7.6332419e+01   4.1320442e+01  -7.4509076e+01   7.3444100e+01  -7.0955147e+01   1.0727510e+02  -6.3895465e+01   1.1687459e+02  -6.1895558e+01   6.4073171e-02
   2.1274168e+01  -7.6451841e+01   4.1319511e+01  -7.4412401e+01   7.3438991e+01  -7.0754703e+01   1.0708329e+02  -6.3288884e+01   1.1666413e+02  -6.1289698e+01   6.8488267e-02
   2.1086111e+01  -7.6555005e+01   4.1319511e+01  -7.4412401e+01   7.3354244e+01  -7.0565942e+01   1.0706398e+02  -6.2782964e+01   1.1662824e+02  -6.0677257e+01   7.2992623e-02
   2.1053075e+01  -7.6335696e+01   4.1317492e+01  -7.4310463e+01   7.3231430e+01  -7.0251159e+01   1.0685245e+02  -6.2377805e+01   1.1641638e+02  -6.0069887e+01   7.5463791e-02
   2.1085428e+01  -7.6455128e+01   4.1317492e+01  -7.4310463e+01   7.3226332e+01  -7.0050811e+01   1.0700978e+02  -6.1977905e+01   1.1638993e+02  -5.9662360e+01   8.0099180e-02
   2.1053075e+01  -7.6335696e+01   4.1317492e+01  -7.4310463e+01   7.3143553e+01  -6.9865518e+01   1.0679530e+02  -6.1473306e+01   1.1618047e+02  -5.9060964e+01   8.3660281e-02
   2.1085428e+01  -7.6455128e+01   4.1316566e+01  -7.4213789e+01   7.3138459e+01  -6.9664905e+01   1.0659969e+02  -6.0768812e+01   1.1614535e+02  -5.8449313e+01   8.6317460e-02
   2.1085428e+01  -7.6455128e+01   4.1187624e+01  -7.4232646e+01   7.3133366e+01  -6.9464319e+01   1.0655977e+02  -6.0459452e+01   1.1592945e+02  -5.8039040e+01   9.1059226e-02
   2.1085428e+01  -7.6455128e+01   4.1314543e+01  -7.4111876e+01   7.3124590e+01  -6.9161292e+01   1.0634575e+02  -5.9955758e+01   1.1589733e+02  -5.7524960e+01   9.2960010e-02
   2.1085428e+01  -7.6455128e+01   4.1313621e+01  -7.4015204e+01   7.3119496e+01  -6.8960777e+01   1.0612943e+02  -5.9448095e+01   1.1568652e+02  -5.6922924e+01   9.7457017e-02
   2.1085428e+01  -7.6455128e+01   4.1313621e+01  -7.4015204e+01   7.3112999e+01  -6.8662234e+01   1.0611982e+02  -5.9148167e+01   1.1565917e+02  -5.6510774e+01   1.0061320e-01
   2.1117881e+01  -7.6574922e+01   4.1313621e+01  -7.4015204e+01   7.2915453e+01  -6.8559530e+01   1.0610540e+02  -5.8745574e+01   1.1544610e+02  -5.5811963e+01   1.0160256e-01
   2.1242219e+01  -7.6432136e+01   4.1310676e+01  -7.3816645e+01   7.2908979e+01  -6.8261056e+01   1.0588682e+02  -5.8139849e+01   1.1521450e+02  -5.5292811e+01   1.0562946e-01
   2.1117881e+01  -7.6574922e+01   4.1310676e+01  -7.3816645e+01   7.2900213e+01  -6.7958298e+01   1.0566833e+02  -5.7534404e+01   1.1519114e+02  -5.4686616e+01   1.1007505e-01
   2.1086111e+01  -7.6555005e+01   4.1245571e+01  -7.3698585e+01   7.2816930e+01  -6.7769683e+01   1.0562206e+02  -5.7022761e+01   1.1476730e+02  -5.3976906e+01   1.1383052e-01
   2.1086111e+01  -7.6555005e+01   4.1243544e+01  -7.3596881e+01   7.2771764e+01  -6.7350230e+01   1.0543562e+02  -5.6527248e+01   1.1474696e+02  -5.3470325e+01   1.1811603e-01
   2.1085428e+01  -7.6455128e+01   4.1308644e+01  -7.3714780e+01   7.2691201e+01  -6.7357019e+01   1.0522178e+02  -5.6118982e+01   1.1454066e+02  -5.2974680e+01   1.2063263e-01
   2.1086111e+01  -7.6555005e+01   4.1116736e+01  -7.3716631e+01   7.2686136e+01  -6.7156739e+01   1.0521463e+02  -5.5918085e+01   1.1451991e+02  -5.2759582e+01   1.2232537e-01
   2.1085428e+01  -7.6455128e+01   4.1307732e+01  -7.3618112e+01   7.2681071e+01  -6.6956485e+01   1.0517052e+02  -5.5408957e+01   1.1430320e+02  -5.2255190e+01   1.2588403e-01
   2.1086111e+01  -7.6555005e+01   4.1180827e+01  -7.3738076e+01   7.2674636e+01  -6.6658282e+01   1.0495208e+02  -5.4803800e+01   1.1426609e+02  -5.1634301e+01   1.2594889e-01
   2.1241526e+01  -7.6332419e+01   4.1240602e+01  -7.3398689e+01   7.2588756e+01  -6.6463535e+01   1.0473374e+02  -5.4198922e+01   1.1384445e+02  -5.0638229e+01   1.3403151e-01
   2.1242219e+01  -7.6432136e+01   4.1240602e+01  -7.3398689e+01   7.2467118e+01  -6.6155462e+01   1.0454412e+02  -5.3606464e+01   1.1381734e+02  -5.0316220e+01   1.3754037e-01
   2.1117881e+01  -7.6574922e+01   4.1305696e+01  -7.3516272e+01   7.2384636e+01  -6.6062355e+01   1.0433542e+02  -5.3301486e+01   1.1342635e+02  -4.9743855e+01   1.4068732e-01
   2.1086111e+01  -7.6555005e+01   4.1112895e+01  -7.3421449e+01   7.2457017e+01  -6.5755242e+01   1.0432832e+02  -5.3100973e+01   1.1340637e+02  -4.9622489e+01   1.4557523e-01
   2.1085428e+01  -7.6455128e+01   4.1237660e+01  -7.3200524e+01   7.2374538e+01  -6.5661537e+01   1.0412048e+02  -5.2702654e+01   1.1319563e+02  -4.9222401e+01   1.4351211e-01
   2.1242219e+01  -7.6432136e+01   4.1237660e+01  -7.3200524e+01   7.2254565e+01  -6.5452451e+01   1.0411056e+02  -5.2497820e+01   1.1317739e+02  -4.8815371e+01   1.4571998e-01
   2.1242219e+01  -7.6432136e+01   4.1110865e+01  -7.3319630e+01   7.2253276e+01  -6.5354869e+01   1.0389999e+02  -5.2095291e+01   1.1298223e+02  -4.8436102e+01   1.5149436e-01
   2.1117881e+01  -7.6574922e+01   4.1110865e+01  -7.3319630e+01   7.2165466e+01  -6.5060261e+01   1.0382689e+02  -5.1664700e+01   1.1272472e+02  -4.7685829e+01   1.5198565e-01
   2.1086111e+01  -7.6555005e+01   4.1109964e+01  -7.3222963e+01   7.2155397e+01  -6.4659705e+01   1.0343503e+02  -5.0874170e+01   1.1249825e+02  -4.6977123e+01   1.5566406e-01
   2.1117881e+01  -7.6574922e+01   4.1107930e+01  -7.3121168e+01   7.1919052e+01  -6.4250448e+01   1.0342093e+02  -5.0473213e+01   1.1228223e+02  -4.6474273e+01   1.6510982e-01
   2.1085428e+01  -7.6455128e+01   4.1107930e+01  -7.3121168e+01   7.1951455e+01  -6.4259020e+01   1.0303538e+02  -4.9788553e+01   1.1206114e+02  -4.5868924e+01   1.6704563e-01
   2.1209673e+01  -7.6312921e+01   4.1105994e+01  -7.3019016e+01   7.1832196e+01  -6.4052342e+01   1.0299469e+02  -4.9565863e+01   1.1186479e+02  -4.5490007e+01   1.6958437e-01
   2.1086111e+01  -7.6555005e+01   4.1107034e+01  -7.3024503e+01   7.1824608e+01  -6.3657117e+01   1.0278014e+02  -4.8967757e+01   1.1162418e+02  -4.4761466e+01   1.7308869e-01
   2.1241526e+01  -7.6332419e+01   4.1104995e+01  -7.2922733e+01   7.1737556e+01  -6.3458209e+01   1.0255791e+02  -4.8263451e+01   1.1121606e+02  -4.3981958e+01   1.7828208e-01
   2.1086111e+01  -7.6555005e+01   4.1104995e+01  -7.2922733e+01   7.1617407e+01  -6.3155401e+01   1.0214628e+02  -4.7757794e+01   1.1097465e+02  -4.3346126e+01   1.8529595e-01
   2.1242219e+01  -7.6432136e+01   4.1102061e+01  -7.2724324e+01   7.1533752e+01  -6.3057861e+01   1.0213530e+02  -4.7362029e+01   1.1075932e+02  -4.2844755e+01   1.8872896e-01
   2.1085428e+01  -7.6455128e+01   4.1102061e+01  -7.2724324e+01   7.1528759e+01  -6.2857832e+01   1.0192031e+02  -4.6858523e+01   1.1054123e+02  -4.2339314e+01   1.9357957e-01
   2.1242219e+01  -7.6432136e+01   4.1102061e+01  -7.2724324e+01   7.1325025e+01  -6.2457651e+01   1.0166575e+02  -4.6131758e+01   1.1011336e+02  -4.1435693e+01   1.9584941e-01
   2.1118567e+01  -7.6674952e+01   4.1101175e+01  -7.2627662e+01   7.1200622e+01  -6.1956994e+01   1.0128342e+02  -4.5455179e+01   1.0970825e+02  -4.0663290e+01   2.0372827e-01
   2.1086111e+01  -7.6555005e+01   4.1034368e+01  -7.2409935e+01   7.1195655e+01  -6.1757420e+01   1.0107359e+02  -4.5054311e+01   1.0947560e+02  -4.0228561e+01   2.1195234e-01
   2.1242219e+01  -7.6432136e+01   4.1034368e+01  -7.2409935e+01   7.1111414e+01  -6.1657816e+01   1.0085694e+02  -4.4453953e+01   1.0925574e+02  -3.9626234e+01   2.1568720e-01
   2.1241526e+01  -7.6332419e+01   4.1099127e+01  -7.2525941e+01   7.0992353e+01  -6.1358159e+01   1.0064907e+02  -4.4150944e+01   1.0886185e+02  -3.9155215e+01   2.2060673e-01
   2.1085428e+01  -7.6455128e+01   4.1034368e+01  -7.2409935e+01   7.0904079e+01  -6.1155766e+01   1.0043945e+02  -4.3750512e+01   1.0864799e+02  -3.8656563e+01   2.2558208e-01
   2.1085428e+01  -7.6455128e+01   4.1096193e+01  -7.2327585e+01   7.0899125e+01  -6.0955991e+01   1.0022990e+02  -4.3350213e+01   1.0860997e+02  -3.8313977e+01   2.2988540e-01
   2.1086111e+01  -7.6555005e+01   4.1096193e+01  -7.2327585e+01   7.0786531e+01  -6.0954096e+01   1.0009616e+02  -4.3204441e+01   1.0842764e+02  -3.8245158e+01   2.3451431e-01
   2.1242219e+01  -7.6432136e+01   4.1097177e+01  -7.2423866e+01   7.0980980e+01  -6.1051060e+01   1.0013874e+02  -4.3621982e+01   1.0865360e+02  -3.8673607e+01   2.3203622e-01
   2.1117881e+01  -7.6574922e+01   4.1099127e+01  -7.2525941e+01   7.0989782e+01  -6.1353215e+01   1.0051518e+02  -4.4099086e+01   1.0889693e+02  -3.9120888e+01   2.2614703e-01
   2.1085428e+01  -7.6455128e+01   4.1099127e+01  -7.2525941e+01   7.1188116e+01  -6.1552913e+01   1.0089355e+02  -4.4673950e+01   1.0909701e+02  -3.9783978e+01   2.0584301e-01
   2.1053754e+01  -7.6435420e+01   4.1099127e+01  -7.2525941e+01   7.1193087e+01  -6.1752449e+01   1.0093431e+02  -4.4994100e+01   1.0950574e+02  -4.0186331e+01   1.9288038e-01
   2.1086111e+01  -7.6555005e+01   4.1100116e+01  -7.2622223e+01   7.1278201e+01  -6.1948403e+01   1.0117554e+02  -4.5416827e+01   1.0971936e+02  -4.0780406e+01   1.8417926e-01
   2.1085428e+01  -7.6455128e+01   4.1100116e+01  -7.2622223e+01   7.1397579e+01  -6.2248614e+01   1.0135865e+02  -4.5896156e+01   1.0993809e+02  -4.1284865e+01   1.7723182e-01
   2.1086111e+01  -7.6555005e+01   4.1100116e+01  -7.2622223e+01   7.1402566e+01  -6.2448233e+01   1.0173307e+02  -4.6371946e+01   1.1017375e+02  -4.1722296e+01   1.6700443e-01
   2.1241526e+01  -7.6332419e+01   4.1103055e+01  -7.2820606e+01   7.1490113e+01  -6.2649175e+01   1.0178432e+02  -4.6895328e+01   1.1039308e+02  -4.2322791e+01   1.6266929e-01
   2.1242219e+01  -7.6432136e+01   4.1102061e+01  -7.2724324e+01   7.1609859e+01  -6.2950621e+01   1.0216067e+02  -4.7469656e+01   1.1078760e+02  -4.2987484e+01   1.5615231e-01
   2.1209673e+01  -7.6312921e+01   4.1102061e+01  -7.2724324e+01   7.1614858e+01  -6.3150339e+01   1.0220906e+02  -4.7798604e+01   1.1101195e+02  -4.3499277e+01   1.4975259e-01
   2.1241526e+01  -7.6332419e+01   4.1104995e+01  -7.2922733e+01   7.1698262e+01  -6.3247582e+01   1.0241402e+02  -4.8192760e+01   1.1122000e+02  -4.3991584e+01   1.4348259e-01
   2.1242219e+01  -7.6432136e+01   4.1104995e+01  -7.2922733e+01   7.1818369e+01  -6.3550075e+01   1.0262839e+02  -4.8599744e+01   1.1143826e+02  -4.4400664e+01   1.4407144e-01
   2.1242219e+01  -7.6432136e+01   4.1231777e+01  -7.2804272e+01   7.1823382e+01  -6.3749871e+01   1.0283944e+02  -4.9097257e+01   1.1166763e+02  -4.4924363e+01   1.3689587e-01
   2.1242219e+01  -7.6432136e+01   4.1234719e+01  -7.3002384e+01   7.2026962e+01  -6.4149776e+01   1.0305632e+02  -4.9697879e+01   1.1188501e+02  -4.5709746e+01   1.3266331e-01
   2.1053754e+01  -7.6435420e+01   4.1234719e+01  -7.3002384e+01   7.2031988e+01  -6.4349650e+01   1.0326734e+02  -5.0195522e+01   1.1209918e+02  -4.6209724e+01   1.2512255e-01
   2.1085428e+01  -7.6455128e+01   4.1172913e+01  -7.3238487e+01   7.2230597e+01  -6.4549797e+01   1.0347823e+02  -5.0693069e+01   1.1232791e+02  -4.6731285e+01   1.2200421e-01
   2.1053754e+01  -7.6435420e+01   4.1299799e+01  -7.3119335e+01   7.2157902e+01  -6.4854797e+01   1.0369915e+02  -5.1204619e+01   1.1254031e+02  -4.7417192e+01   1.1800002e-01
   2.1242219e+01  -7.6432136e+01   4.1107930e+01  -7.3121168e+01   7.2244487e+01  -6.5052426e+01   1.0388342e+02  -5.1786161e+01   1.1276103e+02  -4.8021355e+01   1.1435074e-01
   2.1117385e+01  -7.6474533e+01   4.1299799e+01  -7.3119335e+01   7.2328242e+01  -6.5243958e+01   1.0395305e+02  -5.2116134e+01   1.1299590e+02  -4.8644720e+01   1.1140313e-01
   2.1209673e+01  -7.6312921e+01   4.1302747e+01  -7.3317790e+01   7.2255799e+01  -6.5549691e+01   1.0431038e+02  -5.2694515e+01   1.1319965e+02  -4.9035714e+01   1.0634120e-01
   2.1085428e+01  -7.6455128e+01   4.1237660e+01  -7.3200524e+01   7.2450629e+01  -6.5646847e+01   1.0435254e+02  -5.3107216e+01   1.1340959e+02  -4.9530600e+01   1.0091496e-01
   2.1241526e+01  -7.6332419e+01   4.1302747e+01  -7.3317790e+01   7.2459556e+01  -6.5950089e+01   1.0438613e+02  -5.3222056e+01   1.1343606e+02  -4.9755702e+01   1.0232243e-01
   2.1053075e+01  -7.6335696e+01   4.1240602e+01  -7.3398689e+01   7.2541789e+01  -6.6043212e+01   1.0474867e+02  -5.4095217e+01   1.1385075e+02  -5.0644130e+01   9.7786790e-02
   2.1085428e+01  -7.6455128e+01   4.1178796e+01  -7.3636072e+01   7.2667186e+01  -6.6453496e+01   1.0479349e+02  -5.4415827e+01   1.1388403e+02  -5.1068341e+01   9.2406547e-02
   2.1085428e+01  -7.6455128e+01   4.1307732e+01  -7.3618112e+01   7.2668438e+01  -6.6550765e+01   1.0480776e+02  -5.4816606e+01   1.1408604e+02  -5.1554956e+01   8.9255607e-02
   2.1118567e+01  -7.6674952e+01   4.1305696e+01  -7.3516272e+01   7.2673506e+01  -6.6750953e+01   1.0501380e+02  -5.5212634e+01   1.1429469e+02  -5.1952999e+01   8.8692070e-02
   2.1209673e+01  -7.6312921e+01   4.1305696e+01  -7.3516272e+01   7.2678575e+01  -6.6951167e+01   1.0522451e+02  -5.5615517e+01   1.1432888e+02  -5.2472878e+01   8.4358536e-02
   2.1241526e+01  -7.6332419e+01   4.1308644e+01  -7.3714780e+01   7.2881221e+01  -6.7254663e+01   1.0542208e+02  -5.6316214e+01   1.1474886e+02  -5.3276487e+01   8.1986144e-02
   2.1241526e+01  -7.6332419e+01   4.1181739e+01  -7.3834903e+01   7.2887567e+01  -6.7552248e+01   1.0548769e+02  -5.6633477e+01   1.1477148e+02  -5.3684382e+01   7.7331191e-02
   2.1242219e+01  -7.6432136e+01   4.1309664e+01  -7.3811065e+01   7.2892650e+01  -6.7752566e+01   1.0567491e+02  -5.7224444e+01   1.1499294e+02  -5.4290568e+01   7.5271548e-02
   2.1241526e+01  -7.6332419e+01   4.1311593e+01  -7.3913315e+01   7.3018860e+01  -6.8166658e+01   1.0569936e+02  -5.7736226e+01   1.1519835e+02  -5.4982381e+01   7.1824447e-02
   2.1242219e+01  -7.6432136e+01   4.1311593e+01  -7.3913315e+01   7.2901544e+01  -6.8055967e+01   1.0587165e+02  -5.7830943e+01   1.1520985e+02  -5.4992020e+01   6.5416404e-02
   2.1086111e+01  -7.6555005e+01   4.1311593e+01  -7.3913315e+01   7.2979384e+01  -6.8043074e+01   1.0590630e+02  -5.8133640e+01   1.1523505e+02  -5.5306825e+01   6.9065473e-02
   2.1086111e+01  -7.6555005e+01   4.1311593e+01  -7.3913315e+01   7.3101738e+01  -6.8353973e+01   1.0594615e+02  -5.8538423e+01   1.1544121e+02  -5.5899243e+01   6.5945947e-02
   2.1086111e+01  -7.6555005e+01   4.1311593e+01  -7.3913315e+01   7.3111933e+01  -6.8754845e+01   1.0613903e+02  -5.9140347e+01   1.1548938e+02  -5.6428186e+01   6.3815363e-02
   2.1053075e+01  -7.6335696e+01   4.1311593e+01  -7.3913315e+01   7.3115746e+01  -6.8857983e+01   1.0617590e+02  -5.9350058e+01   1.1569415e+02  -5.6924378e+01   5.9645885e-02
   2.1085428e+01  -7.6455128e+01   4.1314543e+01  -7.4111876e+01   7.3122128e+01  -6.9155822e+01   1.0636469e+02  -5.9946649e+01   1.1591607e+02  -5.7532089e+01   5.6133416e-02
   2.1241526e+01  -7.6332419e+01   4.1314543e+01  -7.4111876e+01   7.3131034e+01  -6.9459549e+01   1.0658899e+02  -6.0656173e+01   1.1593957e+02  -5.8137548e+01   5.0327014e-02
   2.1241526e+01  -7.6332419e+01   4.1314543e+01  -7.4111876e+01   7.3330058e+01  -6.9660431e+01   1.0662948e+02  -6.1154827e+01   1.1616327e+02  -5.8843411e+01   5.1523118e-02
   2.1086111e+01  -7.6555005e+01   4.1316566e+01  -7.4213789e+01   7.3218789e+01  -6.9844968e+01   1.0681871e+02  -6.1754283e+01   1.1619641e+02  -5.9451467e+01   4.9826402e-02
   2.1086111e+01  -7.6555005e+01   4.1317492e+01  -7.4310463e+01   7.3223889e+01  -7.0045275e+01   1.0686835e+02  -6.2266368e+01   1.1641694e+02  -5.9962160e+01   4.5167745e-02
   2.1242219e+01  -7.6432136e+01   4.1317492e+01  -7.4310463e+01   7.3236527e+01  -7.0451532e+01   1.0707001e+02  -6.3076985e+01   1.1664545e+02  -6.0974078e+01   4.1687850e-02
   2.1242219e+01  -7.6432136e+01   4.1317492e+01  -7.4310463e+01   7.3356919e+01  -7.0761081e+01   1.0710713e+02  -6.3378498e+01   1.1667044e+02  -6.1378015e+01   3.5687433e-02
   2.1085428e+01  -7.6455128e+01   4.1320442e+01  -7.4509076e+01   7.3443106e+01  -7.1047520e+01   1.0729908e+02  -6.4080033e+01   1.1689402e+02  -6.2084088e+01   3.2356063e-02
   2.1086111e+01  -7.6555005e+01   4.1385775e+01  -7.4628613e+01   7.3452022e+01  -7.1351225e+01   1.0734917e+02  -6.4686072e+01   1.1711590e+02  -6.2898642e+01   3.2376771e-02
   2.1085428e+01  -7.6455128e+01   4.1322456e+01  -7.4611039e+01   7.3575232e+01  -7.1667936e+01   1.0753717e+02  -6.5098201e+01   1.1714474e+02  -6.3306987e+01   2.5890130e-02
   2.1086111e+01  -7.6555005e+01   4.1323393e+01  -7.4707715e+01   7.3656010e+01  -7.1752605e+01   1.0758256e+02  -6.5695870e+01   1.1717165e+02  -6.4108905e+01   2.1929070e-02
   2.1086111e+01  -7.6555005e+01   4.1323393e+01  -7.4707715e+01   7.3595739e+01  -7.2471542e+01   1.0761018e+02  -6.6404969e+01   1.1740673e+02  -6.4928605e+01   1.8044074e-02
   2.1085428e+01  -7.6455128e+01   4.1325402e+01  -7.4809704e+01   7.3672723e+01  -7.2451645e+01   1.0782341e+02  -6.6908094e+01   1.1743693e+02  -6.5431402e+01   1.5848551e-02
   2.1242219e+01  -7.6432136e+01   4.1452874e+01  -7.4784714e+01   7.3681651e+01  -7.2755679e+01   1.0801962e+02  -6.7526487e+01   1.1745276e+02  -6.5835859e+01   1.2653152e-02
   2.1086111e+01  -7.6555005e+01   4.1326343e+01  -7.4906381e+01   7.3681651e+01  -7.2755679e+01   1.0802695e+02  -6.7728621e+01   1.1766103e+02  -6.6349354e+01   5.7653156e-03
   2.1086111e+01  -7.6555005e+01   4.1326343e+01  -7.4906381e+01   7.3690510e+01  -7.3059417e+01   1.0806831e+02  -6.8128017e+01   1.1768273e+02  -6.6859181e+01   6.5790831e-03
   2.1086111e+01  -7.6555005e+01   4.1328348e+01  -7.5008395e+01   7.3691910e+01  -7.3157092e+01   1.0805442e+02  -6.8439466e+01   1.1769066e+02  -6.7061899e+01  -8.0583414e-05
   2.1086111e+01  -7.6555005e+01   4.1454885e+01  -7.4886562e+01   7.3695638e+01  -7.3260157e+01   1.0807564e+02  -6.8329919e+01   1.1769618e+02  -6.7166067e+01  -9.0077935e-04
   2.1242219e+01  -7.6432136e+01   4.1391689e+01  -7.5026554e+01   7.3695638e+01  -7.3260157e+01   1.0808086e+02  -6.8433694e+01   1.1770468e+02  -6.7157196e+01   2.1710998e-04
