   2.1053754e+01  -7.6435420e+01   4.1781243e+01  -7.5324000e+01   7.3847214e+01  -7.3214461e+01   1.0716071e+02  -7.0239612e+01   1.1682674e+02  -6.9454981e+01   5.5185354e-04
   2.1086111e+01  -7.6555005e+01   4.1907250e+01  -7.5201504e+01   7.3918995e+01  -7.2992369e+01   1.0697927e+02  -6.9923057e+01   1.1682639e+02  -6.9142790e+01   1.8449804e-03
   2.1086111e+01  -7.6555005e+01   4.1781243e+01  -7.5324000e+01   7.3842064e+01  -7.3012792e+01   1.0679843e+02  -6.9607556e+01   1.1680557e+02  -6.8947111e+01   7.3151030e-03
   2.1086111e+01  -7.6555005e+01   4.1971479e+01  -7.5219953e+01   7.3836915e+01  -7.2811150e+01   1.0695752e+02  -6.9317860e+01   1.1678986e+02  -6.8543175e+01   1.4159202e-02
   2.1085428e+01  -7.6455128e+01   4.1905215e+01  -7.5099479e+01   7.3831765e+01  -7.2609533e+01   1.0674835e+02  -6.9010108e+01   1.1677962e+02  -6.8243089e+01   1.6588187e-02
   2.1085428e+01  -7.6455128e+01   4.1905215e+01  -7.5099479e+01   7.3826616e+01  -7.2407943e+01   1.0673673e+02  -6.8612144e+01   1.1657120e+02  -6.7630151e+01   1.9969952e-02
   2.1085428e+01  -7.6455128e+01   4.1905215e+01  -7.5099479e+01   7.3822865e+01  -7.2304502e+01   1.0671215e+02  -6.8002195e+01   1.1654488e+02  -6.7020497e+01   2.7400197e-02
   2.1086111e+01  -7.6555005e+01   4.1778264e+01  -7.5124976e+01   7.3817714e+01  -7.2102959e+01   1.0669950e+02  -6.7696789e+01   1.1651555e+02  -6.6619798e+01   3.0458675e-02
   2.1086111e+01  -7.6555005e+01   4.1776231e+01  -7.5022811e+01   7.3812564e+01  -7.1901441e+01   1.0668839e+02  -6.7299838e+01   1.1649781e+02  -6.6118781e+01   3.4561056e-02
   2.1086111e+01  -7.6555005e+01   4.1902225e+01  -7.4900805e+01   7.3688569e+01  -7.1583341e+01   1.0649368e+02  -6.6586874e+01   1.1628246e+02  -6.5309138e+01   3.8838234e-02
   2.1085428e+01  -7.6455128e+01   4.1901279e+01  -7.4804131e+01   7.3800878e+01  -7.1400388e+01   1.0646061e+02  -6.6393777e+01   1.1627204e+02  -6.5009794e+01   4.1108884e-02
   2.1118567e+01  -7.6674952e+01   4.1775285e+01  -7.4925979e+01   7.3797117e+01  -7.1297047e+01   1.0627581e+02  -6.5981607e+01   1.1625308e+02  -6.4906612e+01   4.2576590e-02
   2.1117881e+01  -7.6574922e+01   4.1775285e+01  -7.4925979e+01   7.3791969e+01  -7.1095635e+01   1.0625622e+02  -6.5476555e+01   1.1603473e+02  -6.4093637e+01   4.5334158e-02
   2.1085428e+01  -7.6455128e+01   4.1772307e+01  -7.4727008e+01   7.3590816e+01  -7.0795848e+01   1.0620868e+02  -6.4879964e+01   1.1599844e+02  -6.3396305e+01   5.1375478e-02
   2.1117881e+01  -7.6574922e+01   4.1772307e+01  -7.4727008e+01   7.3581923e+01  -7.0491234e+01   1.0618907e+02  -6.4374501e+01   1.1578089e+02  -6.2586845e+01   5.5591162e-02
   2.1086111e+01  -7.6555005e+01   4.1772307e+01  -7.4727008e+01   7.3575419e+01  -7.0191868e+01   1.0614865e+02  -6.3976993e+01   1.1575413e+02  -6.2186418e+01   5.7858578e-02
   2.1086111e+01  -7.6555005e+01   4.1770265e+01  -7.4624894e+01   7.3453221e+01  -6.9974659e+01   1.0595671e+02  -6.3367390e+01   1.1573301e+02  -6.1680959e+01   6.1645811e-02
   2.1085428e+01  -7.6455128e+01   4.1769329e+01  -7.4528064e+01   7.3448100e+01  -6.9773732e+01   1.0574059e+02  -6.2859945e+01   1.1550639e+02  -6.0971725e+01   6.2754461e-02
   2.1053754e+01  -7.6435420e+01   4.1769329e+01  -7.4528064e+01   7.3365482e+01  -6.9587816e+01   1.0572450e+02  -6.2360993e+01   1.1529155e+02  -6.0469879e+01   6.5316419e-02
   2.1085428e+01  -7.6455128e+01   4.1767282e+01  -7.4425974e+01   7.3356602e+01  -6.9283478e+01   1.0553168e+02  -6.1658078e+01   1.1526050e+02  -5.9666570e+01   6.8955392e-02
   2.1086111e+01  -7.6555005e+01   4.1767282e+01  -7.4425974e+01   7.3233424e+01  -6.8969979e+01   1.0546745e+02  -6.1453551e+01   1.1504555e+02  -5.9164891e+01   7.5024861e-02
   2.1086111e+01  -7.6555005e+01   4.1766351e+01  -7.4329146e+01   7.3346363e+01  -6.8881206e+01   1.0530723e+02  -6.0854694e+01   1.1502638e+02  -5.8757744e+01   7.4489068e-02
   2.1085428e+01  -7.6455128e+01   4.1764300e+01  -7.4227081e+01   7.3223210e+01  -6.8568413e+01   1.0526769e+02  -6.0550859e+01   1.1481183e+02  -5.8256719e+01   7.9930831e-02
   2.1086111e+01  -7.6555005e+01   4.1764300e+01  -7.4227081e+01   7.3214277e+01  -6.8264428e+01   1.0524625e+02  -5.9949370e+01   1.1477830e+02  -5.7747030e+01   8.2709529e-02
   2.1085428e+01  -7.6455128e+01   4.1636992e+01  -7.4251203e+01   7.3131450e+01  -6.8076681e+01   1.0503594e+02  -5.9546466e+01   1.1456837e+02  -5.7051224e+01   8.6160070e-02
   2.1053075e+01  -7.6335696e+01   4.1636992e+01  -7.4251203e+01   7.3126345e+01  -6.7875690e+01   1.0498697e+02  -5.8942136e+01   1.1434610e+02  -5.6350205e+01   9.1421543e-02
   2.1085428e+01  -7.6455128e+01   4.1761317e+01  -7.4028214e+01   7.3002253e+01  -6.7466853e+01   1.0480433e+02  -5.8542783e+01   1.1432510e+02  -5.5846748e+01   9.3468556e-02
   2.1086111e+01  -7.6555005e+01   4.1634943e+01  -7.4148997e+01   7.2998490e+01  -6.7364051e+01   1.0476934e+02  -5.8338359e+01   1.1412047e+02  -5.5644120e+01   9.5613436e-02
   2.1053754e+01  -7.6435420e+01   4.1634021e+01  -7.4052013e+01   7.2916647e+01  -6.7272590e+01   1.0441066e+02  -5.7645836e+01   1.1390054e+02  -5.5041203e+01   9.5734845e-02
   2.1086111e+01  -7.6555005e+01   4.1631967e+01  -7.3949832e+01   7.2906467e+01  -6.6870844e+01   1.0436286e+02  -5.7137663e+01   1.1386585e+02  -5.4527706e+01   9.9636504e-02
   2.1085428e+01  -7.6455128e+01   4.1631967e+01  -7.3949832e+01   7.2901377e+01  -6.6670010e+01   1.0432019e+02  -5.6730916e+01   1.1345893e+02  -5.3738935e+01   1.0280965e-01
   2.1086111e+01  -7.6555005e+01   4.1631051e+01  -7.3852850e+01   7.2779016e+01  -6.6361101e+01   1.0413875e+02  -5.6335664e+01   1.1343979e+02  -5.3333389e+01   1.0646117e-01
   2.1086111e+01  -7.6555005e+01   4.1757419e+01  -7.3732551e+01   7.2696880e+01  -6.6268150e+01   1.0409764e+02  -5.6025361e+01   1.1341807e+02  -5.3121107e+01   1.0774884e-01
   2.1086111e+01  -7.6555005e+01   4.1563181e+01  -7.3632384e+01   7.2691804e+01  -6.6067395e+01   1.0391477e+02  -5.5534133e+01   1.1321255e+02  -5.2531730e+01   1.0897448e-01
   2.1086111e+01  -7.6555005e+01   4.1628992e+01  -7.3750694e+01   7.2564745e+01  -6.5559168e+01   1.0369796e+02  -5.4932834e+01   1.1297249e+02  -5.1813067e+01   1.1366922e-01
   2.1086111e+01  -7.6555005e+01   4.1754442e+01  -7.3533738e+01   7.2482314e+01  -6.5465029e+01   1.0365445e+02  -5.4523287e+01   1.1294249e+02  -5.1398042e+01   1.1798168e-01
   2.1086111e+01  -7.6555005e+01   4.1560213e+01  -7.3433590e+01   7.2478490e+01  -6.5361928e+01   1.0344630e+02  -5.4218837e+01   1.1274347e+02  -5.0914076e+01   1.2357826e-01
   2.1053754e+01  -7.6435420e+01   4.1626017e+01  -7.3551581e+01   7.2473426e+01  -6.5161298e+01   1.0343222e+02  -5.3818908e+01   1.1271490e+02  -5.0595048e+01   1.2623106e-01
   2.1085428e+01  -7.6455128e+01   4.1752373e+01  -7.3431772e+01   7.2394573e+01  -6.5169662e+01   1.0322392e+02  -5.3514369e+01   1.1250265e+02  -5.0192690e+01   1.2455333e-01
   2.1086111e+01  -7.6555005e+01   4.1626017e+01  -7.3551581e+01   7.2389513e+01  -6.4968737e+01   1.0318700e+02  -5.3302839e+01   1.1231204e+02  -4.9910779e+01   1.3040454e-01
   2.1086111e+01  -7.6555005e+01   4.1751466e+01  -7.3334952e+01   7.2266577e+01  -6.4564471e+01   1.0317116e+02  -5.2805085e+01   1.1227335e+02  -4.9293095e+01   1.2718157e-01
   2.1053754e+01  -7.6435420e+01   4.1623043e+01  -7.3352496e+01   7.2258987e+01  -6.4358796e+01   1.0279038e+02  -5.2312059e+01   1.1186890e+02  -4.8702660e+01   1.3557006e-01
   2.1053754e+01  -7.6435420e+01   4.1623043e+01  -7.3352496e+01   7.2253938e+01  -6.4158297e+01   1.0260841e+02  -5.1731115e+01   1.1165589e+02  -4.8204964e+01   1.3788921e-01
   2.1053754e+01  -7.6435420e+01   4.1683499e+01  -7.3115708e+01   7.2053516e+01  -6.3860083e+01   1.0273187e+02  -5.1498917e+01   1.1180792e+02  -4.7961007e+01   1.3821997e-01
   2.1086111e+01  -7.6555005e+01   4.1622141e+01  -7.3255518e+01   7.2053516e+01  -6.3860083e+01   1.0253049e+02  -5.1394434e+01   1.1161665e+02  -4.7585645e+01   1.3981788e-01
   2.1085428e+01  -7.6455128e+01   4.1620069e+01  -7.3153436e+01   7.2048483e+01  -6.3659643e+01   1.0231914e+02  -5.0895935e+01   1.1140484e+02  -4.7184288e+01   1.4294815e-01
   2.1086111e+01  -7.6555005e+01   4.1554278e+01  -7.3036082e+01   7.2043450e+01  -6.3459229e+01   1.0213514e+02  -5.0407828e+01   1.1118720e+02  -4.6680395e+01   1.4661688e-01
   2.1086111e+01  -7.6555005e+01   4.1554278e+01  -7.3036082e+01   7.1844303e+01  -6.3258619e+01   1.0192994e+02  -5.0013262e+01   1.1096804e+02  -4.6079816e+01   1.5219201e-01
   2.1086111e+01  -7.6555005e+01   4.1617095e+01  -7.2954403e+01   7.1830443e+01  -6.2755084e+01   1.0183609e+02  -4.9271303e+01   1.1054341e+02  -4.5181415e+01   1.5719843e-01
   2.1086111e+01  -7.6555005e+01   4.1551311e+01  -7.2837367e+01   7.1709958e+01  -6.2453049e+01   1.0145977e+02  -4.8692960e+01   1.1032453e+02  -4.4581547e+01   1.6388125e-01
   2.1053754e+01  -7.6435420e+01   4.1551311e+01  -7.2837367e+01   7.1546305e+01  -6.2358243e+01   1.0141494e+02  -4.8371596e+01   1.0993257e+02  -4.4012039e+01   1.6377385e-01
   2.1086111e+01  -7.6555005e+01   4.1549336e+01  -7.2735113e+01   7.1506219e+01  -6.2052989e+01   1.0107393e+02  -4.7911985e+01   1.0989608e+02  -4.3678598e+01   1.6827692e-01
   2.1086111e+01  -7.6555005e+01   4.1614121e+01  -7.2755397e+01   7.1422315e+01  -6.1953674e+01   1.0102863e+02  -4.7590107e+01   1.0966704e+02  -4.3347910e+01   1.7195803e-01
   2.1086111e+01  -7.6555005e+01   4.1548344e+01  -7.2638679e+01   7.1412328e+01  -6.1553332e+01   1.0060450e+02  -4.6687235e+01   1.0943336e+02  -4.2349343e+01   1.7339940e-01
   2.1085428e+01  -7.6455128e+01   4.1547458e+01  -7.2541865e+01   7.1326996e+01  -6.1355534e+01   1.0039274e+02  -4.6093886e+01   1.0919607e+02  -4.1816909e+01   1.8245964e-01
   2.1086111e+01  -7.6555005e+01   4.1611148e+01  -7.2556417e+01   7.1208374e+01  -6.1152906e+01   1.0035331e+02  -4.5968566e+01   1.0900936e+02  -4.1452248e+01   1.8574214e-01
   2.1085428e+01  -7.6455128e+01   4.1545377e+01  -7.2440017e+01   7.1123921e+01  -6.1052109e+01   1.0017946e+02  -4.5688477e+01   1.0881274e+02  -4.0980919e+01   1.8393955e-01
   2.1085428e+01  -7.6455128e+01   4.1545377e+01  -7.2440017e+01   7.1118943e+01  -6.0851730e+01   9.9969288e+01  -4.5192346e+01   1.0858718e+02  -4.0652574e+01   1.9010307e-01
   2.1086111e+01  -7.6555005e+01   4.1544496e+01  -7.2343205e+01   7.0998350e+01  -6.0455163e+01   9.9720060e+01  -4.4665737e+01   1.0816676e+02  -3.9950194e+01   1.9342033e-01
   2.1053075e+01  -7.6335696e+01   4.1542411e+01  -7.2241381e+01   7.0993386e+01  -6.0255168e+01   9.9678229e+01  -4.4441072e+01   1.0795447e+02  -3.9454098e+01   1.9844672e-01
   2.1086111e+01  -7.6555005e+01   4.1542411e+01  -7.2241381e+01   7.0909796e+01  -6.0250583e+01   9.9504123e+01  -4.4066666e+01   1.0792664e+02  -3.9318264e+01   2.0157806e-01
   2.1118567e+01  -7.6674952e+01   4.1542411e+01  -7.2241381e+01   7.0790727e+01  -5.9952475e+01   9.9296247e+01  -4.3763665e+01   1.0773170e+02  -3.8850424e+01   2.0337934e-01
   2.1085428e+01  -7.6455128e+01   4.1542411e+01  -7.2241381e+01   7.0705683e+01  -5.9849905e+01   9.9086099e+01  -4.3267470e+01   1.0749140e+02  -3.8217535e+01   2.0862528e-01
   2.1086111e+01  -7.6555005e+01   4.1542411e+01  -7.2241381e+01   7.0586966e+01  -5.9552499e+01   9.8883960e+01  -4.3067119e+01   1.0729369e+02  -3.8119301e+01   2.1253158e-01
   2.1086111e+01  -7.6555005e+01   4.1542411e+01  -7.2241381e+01   7.0700733e+01  -5.9649683e+01   9.8883960e+01  -4.3067119e+01   1.0731514e+02  -3.8058153e+01   2.1262618e-01
   2.1085428e+01  -7.6455128e+01   4.1542411e+01  -7.2241381e+01   7.0794528e+01  -6.0055031e+01   9.9337183e+01  -4.3892164e+01   1.0776446e+02  -3.8992351e+01   2.0926456e-01
   2.1086111e+01  -7.6555005e+01   4.1544496e+01  -7.2343205e+01   7.0879313e+01  -6.0157153e+01   9.9514776e+01  -4.4271047e+01   1.0795447e+02  -3.9454098e+01   1.8669209e-01
   2.1085428e+01  -7.6455128e+01   4.1544496e+01  -7.2343205e+01   7.0999509e+01  -6.0552567e+01   9.9759001e+01  -4.4696150e+01   1.0819275e+02  -3.9988306e+01   1.8247419e-01
   2.1086111e+01  -7.6555005e+01   4.1545377e+01  -7.2440017e+01   7.1003314e+01  -6.0655184e+01   9.9967891e+01  -4.5095540e+01   1.0840899e+02  -4.0489123e+01   1.7165963e-01
   2.1053754e+01  -7.6435420e+01   4.1545377e+01  -7.2440017e+01   7.1203394e+01  -6.0952826e+01   1.0021646e+02  -4.5620879e+01   1.0881888e+02  -4.1083298e+01   1.6777870e-01
   2.1086111e+01  -7.6555005e+01   4.1545377e+01  -7.2440017e+01   7.1212182e+01  -6.1255582e+01   1.0040299e+02  -4.6297840e+01   1.0922197e+02  -4.1759700e+01   1.5962096e-01
   2.1086111e+01  -7.6555005e+01   4.1548344e+01  -7.2638679e+01   7.1419900e+01  -6.1758456e+01   1.0086000e+02  -4.7221307e+01   1.0967418e+02  -4.2885742e+01   1.4917627e-01
   2.1086111e+01  -7.6555005e+01   4.1550420e+01  -7.2740551e+01   7.1505035e+01  -6.1955695e+01   1.0090353e+02  -4.7635007e+01   1.0971428e+02  -4.3413665e+01   1.3936633e-01
   2.1086111e+01  -7.6555005e+01   4.1550420e+01  -7.2740551e+01   7.1510028e+01  -6.2155601e+01   1.0127986e+02  -4.8117942e+01   1.0994437e+02  -4.3839997e+01   1.3452749e-01
   2.1086111e+01  -7.6555005e+01   4.1551311e+01  -7.2837367e+01   7.1709958e+01  -6.2453049e+01   1.0152289e+02  -4.8633763e+01   1.1035978e+02  -4.4535951e+01   1.3085841e-01
   2.1053754e+01  -7.6435420e+01   4.1551311e+01  -7.2837367e+01   7.1718781e+01  -6.2755685e+01   1.0157975e+02  -4.9254092e+01   1.1059140e+02  -4.5434981e+01   1.2507962e-01
   2.1086111e+01  -7.6555005e+01   4.1554278e+01  -7.3036082e+01   7.1723788e+01  -6.2955695e+01   1.0175632e+02  -4.9635590e+01   1.1079832e+02  -4.5640634e+01   1.1860953e-01
   2.1086111e+01  -7.6555005e+01   4.1554278e+01  -7.3036082e+01   7.1844303e+01  -6.3258619e+01   1.0183247e+02  -4.9970810e+01   1.1083151e+02  -4.6062065e+01   1.1693385e-01
   2.1086111e+01  -7.6555005e+01   4.1554278e+01  -7.3036082e+01   7.2010677e+01  -6.3453127e+01   1.0238351e+02  -5.0835267e+01   1.1125475e+02  -4.6957203e+01   1.1228227e-01
   2.1085428e+01  -7.6455128e+01   4.1554278e+01  -7.3036082e+01   7.2015700e+01  -6.3652917e+01   1.0241616e+02  -5.0947572e+01   1.1145966e+02  -4.7254377e+01   1.0812909e-01
   2.1086111e+01  -7.6555005e+01   4.1556345e+01  -7.3138003e+01   7.2135263e+01  -6.3858908e+01   1.0243381e+02  -5.1350898e+01   1.1165969e+02  -4.7735351e+01   1.0453932e-01
   2.1086111e+01  -7.6555005e+01   4.1683499e+01  -7.3115708e+01   7.2146605e+01  -6.4356955e+01   1.0285873e+02  -5.2349538e+01   1.1191005e+02  -4.8752734e+01   1.0211231e-01
   2.1086111e+01  -7.6555005e+01   4.1685567e+01  -7.3217490e+01   7.2345535e+01  -6.4557420e+01   1.0306957e+02  -5.2846548e+01   1.1214845e+02  -4.9375475e+01   9.2423037e-02
   2.1086111e+01  -7.6555005e+01   4.1559308e+01  -7.3336769e+01   7.2354347e+01  -6.4860216e+01   1.0311718e+02  -5.3262155e+01   1.1236125e+02  -4.9871860e+01   8.9336235e-02
   2.1086111e+01  -7.6555005e+01   4.1626017e+01  -7.3551581e+01   7.2438108e+01  -6.5052683e+01   1.0332784e+02  -5.3758735e+01   1.1257977e+02  -5.0470552e+01   8.7800031e-02
   2.1085428e+01  -7.6455128e+01   4.1560213e+01  -7.3433590e+01   7.2559682e+01  -6.5358818e+01   1.0354002e+02  -5.4163564e+01   1.1278097e+02  -5.0956511e+01   8.2567070e-02
   2.1053754e+01  -7.6435420e+01   4.1562271e+01  -7.3535561e+01   7.2448211e+01  -6.5452708e+01   1.0372365e+02  -5.4748040e+01   1.1282474e+02  -5.1289296e+01   7.8390713e-02
   2.1086111e+01  -7.6555005e+01   4.1563181e+01  -7.3632384e+01   7.2651990e+01  -6.5853106e+01   1.0377219e+02  -5.5258278e+01   1.1305276e+02  -5.2183280e+01   7.7348254e-02
   2.1085428e+01  -7.6455128e+01   4.1755354e+01  -7.3630560e+01   7.2777705e+01  -6.6263331e+01   1.0401722e+02  -5.5865842e+01   1.1346048e+02  -5.2970459e+01   7.1450509e-02
   2.1085428e+01  -7.6455128e+01   4.1565234e+01  -7.3734379e+01   7.2779016e+01  -6.6361101e+01   1.0419946e+02  -5.6355431e+01   1.1348232e+02  -5.3182264e+01   6.9524493e-02
   2.1086111e+01  -7.6555005e+01   4.1631051e+01  -7.3852850e+01   7.2864667e+01  -6.6556337e+01   1.0424344e+02  -5.6668911e+01   1.1369248e+02  -5.3872070e+01   6.5759588e-02
   2.1086111e+01  -7.6555005e+01   4.1758336e+01  -7.3829374e+01   7.2871061e+01  -6.6854168e+01   1.0445638e+02  -5.7263205e+01   1.1391603e+02  -5.4666980e+01   6.3652367e-02
   2.1086111e+01  -7.6555005e+01   4.1760396e+01  -7.3931389e+01   7.3074992e+01  -6.7254957e+01   1.0464654e+02  -5.7955013e+01   1.1396203e+02  -5.5090664e+01   5.7173038e-02
   2.1086111e+01  -7.6555005e+01   4.1634021e+01  -7.4052013e+01   7.3083848e+01  -6.7557900e+01   1.0486627e+02  -5.8560911e+01   1.1418628e+02  -5.5792164e+01   5.5645629e-02
   2.1085428e+01  -7.6455128e+01   4.1695397e+01  -7.3909642e+01   7.3090272e+01  -6.7855896e+01   1.0491021e+02  -5.9060792e+01   1.1440716e+02  -5.6488613e+01   5.1601129e-02
   2.1085428e+01  -7.6455128e+01   4.1763373e+01  -7.4130255e+01   7.3095366e+01  -6.8056261e+01   1.0509721e+02  -5.9561553e+01   1.1442571e+02  -5.6892044e+01   4.8427609e-02
   2.1086111e+01  -7.6555005e+01   4.1697448e+01  -7.4011522e+01   7.3100460e+01  -6.8256652e+01   1.0513186e+02  -5.9763639e+01   1.1463932e+02  -5.7390096e+01   4.6192218e-02
   2.1085428e+01  -7.6455128e+01   4.1764300e+01  -7.4227081e+01   7.3299406e+01  -6.8457377e+01   1.0531810e+02  -6.0357884e+01   1.1484258e+02  -5.7979778e+01   4.2492272e-02
   2.1086111e+01  -7.6555005e+01   4.1764300e+01  -7.4227081e+01   7.3304514e+01  -6.8657821e+01   1.0535553e+02  -6.0563963e+01   1.1485802e+02  -5.8379078e+01   4.0869151e-02
   2.1053754e+01  -7.6435420e+01   4.1764300e+01  -7.4227081e+01   7.3309622e+01  -6.8858290e+01   1.0536459e+02  -6.0860697e+01   1.1488362e+02  -5.8685486e+01   3.9768978e-02
   2.1086111e+01  -7.6555005e+01   4.1766351e+01  -7.4329146e+01   7.3313380e+01  -6.8961083e+01   1.0554742e+02  -6.1262501e+01   1.1508303e+02  -5.9083399e+01   3.7393419e-02
   2.1085428e+01  -7.6455128e+01   4.1767282e+01  -7.4425974e+01   7.3395791e+01  -6.9147334e+01   1.0559362e+02  -6.1764248e+01   1.1511605e+02  -5.9588409e+01   3.3408303e-02
   2.1086111e+01  -7.6555005e+01   4.1703390e+01  -7.4408696e+01   7.3522628e+01  -6.9563028e+01   1.0563972e+02  -6.2264624e+01   1.1533285e+02  -6.0092375e+01   3.1314810e-02
   2.1085428e+01  -7.6455128e+01   4.1893257e+01  -7.4304938e+01   7.3527749e+01  -6.9763623e+01   1.0582670e+02  -6.2862828e+01   1.1537022e+02  -6.0789619e+01   2.6693670e-02
   2.1086111e+01  -7.6555005e+01   4.1895310e+01  -7.4406863e+01   7.3534235e+01  -7.0061979e+01   1.0587252e+02  -6.3361886e+01   1.1558020e+02  -6.1487700e+01   2.1423188e-02
   2.1086111e+01  -7.6555005e+01   4.1772307e+01  -7.4727008e+01   7.3661512e+01  -7.0480009e+01   1.0606096e+02  -6.3870137e+01   1.1561035e+02  -6.1892075e+01   2.0499333e-02
   2.1086111e+01  -7.6555005e+01   4.1898294e+01  -7.4605484e+01   7.3544482e+01  -7.0463311e+01   1.0609931e+02  -6.4168214e+01   1.1581302e+02  -6.2392480e+01   1.6091693e-02
   2.1086111e+01  -7.6555005e+01   4.1899235e+01  -7.4702156e+01   7.3675470e+01  -7.0984864e+01   1.0629460e+02  -6.4970657e+01   1.1604824e+02  -6.3395117e+01   1.2578427e-02
   2.1086111e+01  -7.6555005e+01   4.1899235e+01  -7.4702156e+01   7.3753879e+01  -7.1065839e+01   1.0631100e+02  -6.5468456e+01   1.1607455e+02  -6.3791596e+01   8.1122767e-03
   2.1086111e+01  -7.6555005e+01   4.1901279e+01  -7.4804131e+01   7.3759016e+01  -7.1266623e+01   1.0634905e+02  -6.5764394e+01   1.1609789e+02  -6.4391059e+01   6.6521940e-03
   2.1086111e+01  -7.6555005e+01   4.1901279e+01  -7.4804131e+01   7.3766456e+01  -7.1472323e+01   1.0653340e+02  -6.6174627e+01   1.1629661e+02  -6.4701207e+01   3.4057482e-03
   2.1086111e+01  -7.6555005e+01   4.1901279e+01  -7.4804131e+01   7.3767906e+01  -7.1570483e+01   1.0654060e+02  -6.6374996e+01   1.1612733e+02  -6.4791202e+01   8.0149189e-04
   2.1085428e+01  -7.6455128e+01   4.1902225e+01  -7.4900805e+01   7.3767906e+01  -7.1570483e+01   1.0637580e+02  -6.6467298e+01   1.1631479e+02  -6.5199372e+01   1.8313186e-03
   2.1085428e+01  -7.6455128e+01   4.1903418e+01  -7.4905739e+01   7.3888085e+01  -7.1784839e+01   1.0657319e+02  -6.6566902e+01   1.1631711e+02  -6.5296736e+01   3.1989593e-04
   2.1085428e+01  -7.6455128e+01   4.1902225e+01  -7.4900805e+01   7.3773043e+01  -7.1771339e+01   1.0655502e+02  -6.6775811e+01   1.1632259e+02  -6.5399659e+01  -8.7732825e-04
   2.1085428e+01  -7.6455128e+01   4.1902225e+01  -7.4900805e+01   7.3848384e+01  -7.1655318e+01   1.0640656e+02  -6.6561658e+01   1.1632259e+02  -6.5399659e+01  -8.3088877e-04
   2.1086111e+01  -7.6555005e+01   4.1902225e+01  -7.4900805e+01   7.3848384e+01  -7.1655318e+01   1.0657836e+02  -6.6669742e+01   1.1633302e+02  -6.5393559e+01  -1.6580766e-03
   2.1085428e+01  -7.6455128e+01   4.1904264e+01  -7.5002804e+01   7.3848384e+01  -7.1655318e+01   1.0658039e+02  -6.6767012e+01   1.1633071e+02  -6.5296341e+01  -1.1319367e-04
   2.1086111e+01  -7.6555005e+01   4.1904264e+01  -7.5002804e+01   7.3773043e+01  -7.1771339e+01   1.0655502e+02  -6.6775811e+01   1.1633850e+02  -6.5496335e+01   8.1860359e-04
   2.1086111e+01  -7.6555005e+01   4.1902225e+01  -7.4900805e+01   7.3848384e+01  -7.1655318e+01   1.0658556e+02  -6.6869867e+01   1.1633039e+02  -6.5599971e+01  -6.7874822e-04
   2.1085428e+01  -7.6455128e+01   4.1904264e+01  -7.5002804e+01   7.3848384e+01  -7.1655318e+01   1.0658039e+02  -6.6767012e+01   1.1633039e+02  -6.5599971e+01   5.3613512e-05
   2.1085428e+01  -7.6455128e+01   4.1902225e+01  -7.4900805e+01   7.3848384e+01  -7.1655318e+01   1.0658556e+02  -6.6869867e+01   1.1633850e+02  -6.5496335e+01   6.9041604e-04
   2.1086111e+01  -7.6555005e+01   4.1903418e+01  -7.4905739e+01   7.3848384e+01  -7.1655318e+01   1.0656222e+02  -6.6976256e+01   1.1633039e+02  -6.5599971e+01   7.5618631e-04
   2.1086111e+01  -7.6555005e+01   4.1902225e+01  -7.4900805e+01   7.3848384e+01  -7.1655318e+01   1.0655705e+02  -6.6873238e+01   1.1633071e+02  -6.5296341e+01   2.0033984e-04
   2.1086111e+01  -7.6555005e+01   4.1902225e+01  -7.4900805e+01   7.3843246e+01  -7.1454788e+01   1.0639937e+02  -6.6361884e+01   1.1631479e+02  -6.5199372e+01   5.9182384e-04
   2.1053754e+01  -7.6435420e+01   4.1901279e+01  -7.4804131e+01   7.3764155e+01  -7.1467434e+01   1.0653340e+02  -6.6174627e+01   1.1629920e+02  -6.4798873e+01   6.1044425e-03
   2.1085428e+01  -7.6455128e+01   4.1775285e+01  -7.4925979e+01   7.3759016e+01  -7.1266623e+01   1.0634905e+02  -6.5764394e+01   1.1608166e+02  -6.4292781e+01   1.3846419e-02
   2.1053754e+01  -7.6435420e+01   4.1901279e+01  -7.4804131e+01   7.3639251e+01  -7.1053460e+01   1.0631100e+02  -6.5468456e+01   1.1606608e+02  -6.3892527e+01   1.6769763e-02
   2.1085428e+01  -7.6455128e+01   4.1899235e+01  -7.4702156e+01   7.3634127e+01  -7.0853008e+01   1.0629956e+02  -6.5073194e+01   1.1603973e+02  -6.3495576e+01   2.6020626e-02
   2.1086111e+01  -7.6555005e+01   4.1898294e+01  -7.4605484e+01   7.3668022e+01  -7.0778951e+01   1.0625422e+02  -6.4575398e+01   1.1582602e+02  -6.2694808e+01   3.0325242e-02
   2.1086111e+01  -7.6555005e+01   4.1898294e+01  -7.4605484e+01   7.3548234e+01  -7.0566262e+01   1.0624406e+02  -6.4369763e+01   1.1581302e+02  -6.2392480e+01   3.6660061e-02
   2.1086111e+01  -7.6555005e+01   4.1896246e+01  -7.4503534e+01   7.3539358e+01  -7.0262632e+01   1.0602671e+02  -6.3766365e+01   1.1578087e+02  -6.1890787e+01   4.2132610e-02
   2.1086111e+01  -7.6555005e+01   4.1895310e+01  -7.4406863e+01   7.3529112e+01  -6.9861352e+01   1.0582670e+02  -6.2862828e+01   1.1554774e+02  -6.0984942e+01   4.5856670e-02
   2.1085428e+01  -7.6455128e+01   4.1767282e+01  -7.4425974e+01   7.3522628e+01  -6.9563028e+01   1.0578598e+02  -6.2465224e+01   1.1533356e+02  -6.0485058e+01   5.2288471e-02
   2.1086111e+01  -7.6555005e+01   4.1767282e+01  -7.4425974e+01   7.3318487e+01  -6.9161599e+01   1.0556888e+02  -6.1862664e+01   1.1529056e+02  -5.9682506e+01   5.8419762e-02
   2.1085428e+01  -7.6455128e+01   4.1767282e+01  -7.4425974e+01   7.3314731e+01  -6.9058786e+01   1.0555457e+02  -6.1462530e+01   1.1508521e+02  -5.9180549e+01   6.3847263e-02
   2.1086111e+01  -7.6555005e+01   4.1764300e+01  -7.4227081e+01   7.3304514e+01  -6.8657821e+01   1.0533238e+02  -6.0757721e+01   1.1504438e+02  -5.8474266e+01   6.5088533e-02
   2.1086111e+01  -7.6555005e+01   4.1764300e+01  -7.4227081e+01   7.3218104e+01  -6.8367670e+01   1.0510837e+02  -5.9956081e+01   1.1479893e+02  -5.7563434e+01   7.2850912e-02
   2.1053754e+01  -7.6435420e+01   4.1761317e+01  -7.4028214e+01   7.3095366e+01  -6.8056261e+01   1.0506864e+02  -5.9651516e+01   1.1460046e+02  -5.7075083e+01   7.7160314e-02
   2.1086111e+01  -7.6555005e+01   4.1761317e+01  -7.4028214e+01   7.3085178e+01  -6.7655557e+01   1.0484968e+02  -5.8951978e+01   1.1435916e+02  -5.6357914e+01   7.9815632e-02
   2.1086111e+01  -7.6555005e+01   4.1761317e+01  -7.4028214e+01   7.3080085e+01  -6.7455244e+01   1.0483023e+02  -5.8449341e+01   1.1415626e+02  -5.5769614e+01   8.4915633e-02
   2.1242219e+01  -7.6432136e+01   4.1761317e+01  -7.4028214e+01   7.2997164e+01  -6.7266247e+01   1.0461331e+02  -5.7847644e+01   1.1411638e+02  -5.5155891e+01   8.9970209e-02
   2.1085428e+01  -7.6455128e+01   4.1758336e+01  -7.3829374e+01   7.2988307e+01  -6.6962905e+01   1.0456578e+02  -5.7339691e+01   1.1370630e+02  -5.4362484e+01   9.0514135e-02
   2.1086111e+01  -7.6555005e+01   4.1758336e+01  -7.3829374e+01   7.2784093e+01  -6.6561582e+01   1.0438046e+02  -5.6749513e+01   1.1367526e+02  -5.3855442e+01   9.7129619e-02
   2.1086111e+01  -7.6555005e+01   4.1757419e+01  -7.3732551e+01   7.2780269e+01  -6.6458524e+01   1.0399889e+02  -5.6250913e+01   1.1345970e+02  -5.3448200e+01   1.0146941e-01
   2.1085428e+01  -7.6455128e+01   4.1631051e+01  -7.3852850e+01   7.2779016e+01  -6.6361101e+01   1.0413167e+02  -5.6135709e+01   1.1344264e+02  -5.2952196e+01   1.0447423e-01
   2.1086111e+01  -7.6555005e+01   4.1755354e+01  -7.3630560e+01   7.2651990e+01  -6.5853106e+01   1.0390770e+02  -5.5334286e+01   1.1320317e+02  -5.2235009e+01   1.0532722e-01
   2.1086111e+01  -7.6555005e+01   4.1628992e+01  -7.3750694e+01   7.2564745e+01  -6.5559168e+01   1.0372546e+02  -5.4845131e+01   1.1299836e+02  -5.1648297e+01   1.1225716e-01
   2.1086111e+01  -7.6555005e+01   4.1752373e+01  -7.3431772e+01   7.2559682e+01  -6.5358818e+01   1.0368206e+02  -5.4436101e+01   1.1294787e+02  -5.1116116e+01   1.1240499e-01
   2.1053754e+01  -7.6435420e+01   4.1626017e+01  -7.3551581e+01   7.2554619e+01  -6.5158493e+01   1.0346171e+02  -5.3829752e+01   1.1254681e+02  -5.0528621e+01   1.1834934e-01
   2.1085428e+01  -7.6455128e+01   4.1752373e+01  -7.3431772e+01   7.2472191e+01  -6.5063756e+01   1.0325761e+02  -5.3531462e+01   1.1253161e+02  -5.0129618e+01   1.2193787e-01
   2.1085428e+01  -7.6455128e+01   4.1626017e+01  -7.3551581e+01   7.2350584e+01  -6.4757666e+01   1.0325059e+02  -5.3331888e+01   1.1250280e+02  -4.9810050e+01   1.2164872e-01
   2.1086111e+01  -7.6555005e+01   4.1557245e+01  -7.3234823e+01   7.2267860e+01  -6.4662341e+01   1.0303411e+02  -5.2731580e+01   1.1210498e+02  -4.9134037e+01   1.2432400e-01
   2.1085428e+01  -7.6455128e+01   4.1751466e+01  -7.3334952e+01   7.2262812e+01  -6.4461796e+01   1.0299153e+02  -5.2416510e+01   1.1207752e+02  -4.8910318e+01   1.3095852e-01
   2.1053754e+01  -7.6435420e+01   4.1557245e+01  -7.3234823e+01   7.2255103e+01  -6.4255473e+01   1.0264034e+02  -5.1841544e+01   1.1168700e+02  -4.8147920e+01   1.2945968e-01
   2.1086111e+01  -7.6555005e+01   4.1554278e+01  -7.3036082e+01   7.2131499e+01  -6.3756454e+01   1.0255826e+02  -5.1215139e+01   1.1143518e+02  -4.7507774e+01   1.3749803e-01
   2.1053754e+01  -7.6435420e+01   4.1554278e+01  -7.3036082e+01   7.1932638e+01  -6.3556105e+01   1.0234329e+02  -5.0711780e+01   1.1141258e+02  -4.6909638e+01   1.4230362e-01
   2.1086111e+01  -7.6555005e+01   4.1680525e+01  -7.2917291e+01   7.2043450e+01  -6.3459229e+01   1.0213931e+02  -5.0413753e+01   1.1119124e+02  -4.6685886e+01   1.4378536e-01
   2.1086111e+01  -7.6555005e+01   4.1554278e+01  -7.3036082e+01   7.1840486e+01  -6.3155740e+01   1.0192299e+02  -4.9813863e+01   1.1078610e+02  -4.5907668e+01   1.4700372e-01
   2.1086111e+01  -7.6555005e+01   4.1677552e+01  -7.2718899e+01   7.1835464e+01  -6.2955399e+01   1.0173998e+02  -4.9328620e+01   1.1058551e+02  -4.5332737e+01   1.5161689e-01
   2.1086111e+01  -7.6555005e+01   4.1551311e+01  -7.2837367e+01   7.1709958e+01  -6.2453049e+01   1.0149212e+02  -4.8711724e+01   1.1032453e+02  -4.4581547e+01   1.5693551e-01
   2.1086111e+01  -7.6555005e+01   4.1548344e+01  -7.2638679e+01   7.1542489e+01  -6.2255300e+01   1.0107393e+02  -4.7911985e+01   1.0989454e+02  -4.3581818e+01   1.6261135e-01
   2.1085428e+01  -7.6455128e+01   4.1548344e+01  -7.2638679e+01   7.1505035e+01  -6.1955695e+01   1.0102718e+02  -4.7493187e+01   1.0986207e+02  -4.3252694e+01   1.6670439e-01
   2.1086111e+01  -7.6555005e+01   4.1548344e+01  -7.2638679e+01   7.1297552e+01  -6.1453211e+01   1.0064229e+02  -4.6714825e+01   1.0943927e+02  -4.2451792e+01   1.6973795e-01
   2.1085428e+01  -7.6455128e+01   4.1546365e+01  -7.2536450e+01   7.1292570e+01  -6.1253403e+01   1.0042783e+02  -4.6213112e+01   1.0905713e+02  -4.1711205e+01   1.7543424e-01
   2.1086111e+01  -7.6555005e+01   4.1545377e+01  -7.2440017e+01   7.1207204e+01  -6.1055483e+01   1.0021787e+02  -4.5717555e+01   1.0882478e+02  -4.1185473e+01   1.8249153e-01
   2.1053754e+01  -7.6435420e+01   4.1543394e+01  -7.2337814e+01   7.0999509e+01  -6.0552567e+01   9.9794979e+01  -4.4817469e+01   1.0837031e+02  -4.0150698e+01   1.8825427e-01
   2.1086111e+01  -7.6555005e+01   4.1544496e+01  -7.2343205e+01   7.0994543e+01  -6.0352567e+01   9.9718672e+01  -4.4568802e+01   1.0815796e+02  -3.9654512e+01   1.9232127e-01
   2.1086111e+01  -7.6555005e+01   4.1542411e+01  -7.2241381e+01   7.0795680e+01  -6.0152424e+01   9.9341430e+01  -4.3897768e+01   1.0794546e+02  -3.9158304e+01   1.9812871e-01
   2.1086111e+01  -7.6555005e+01   4.1542411e+01  -7.2241381e+01   7.0706783e+01  -5.9947130e+01   9.9128499e+01  -4.3493193e+01   1.0754822e+02  -3.8491969e+01   2.0074289e-01
   2.1086111e+01  -7.6555005e+01   4.1540423e+01  -7.2139204e+01   7.0705683e+01  -5.9849905e+01   9.8925492e+01  -4.3196627e+01   1.0732243e+02  -3.8256861e+01   2.0995952e-01
   2.1086111e+01  -7.6555005e+01   4.1542411e+01  -7.2241381e+01   7.0586966e+01  -5.9552499e+01   9.8917375e+01  -4.2901170e+01   1.0730926e+02  -3.7956112e+01   2.1016339e-01
   2.1086111e+01  -7.6555005e+01   4.1542411e+01  -7.2241381e+01   7.0704536e+01  -5.9752364e+01   9.8925492e+01  -4.3196627e+01   1.0733910e+02  -3.8189995e+01   2.1229746e-01
   2.1086111e+01  -7.6555005e+01   4.1542411e+01  -7.2241381e+01   7.0795680e+01  -6.0152424e+01   9.9376828e+01  -4.3923914e+01   1.0778657e+02  -3.9026410e+01   2.0501471e-01
   2.1086111e+01  -7.6555005e+01   4.1544496e+01  -7.2343205e+01   7.0879313e+01  -6.0157153e+01   9.9383616e+01  -4.4122488e+01   1.0797490e+02  -3.9390936e+01   1.8564371e-01
   2.1085428e+01  -7.6455128e+01   4.1542411e+01  -7.2241381e+01   7.0880467e+01  -6.0254392e+01   9.9590694e+01  -4.4424437e+01   1.0800991e+02  -3.9724549e+01   1.7946781e-01
   2.1085428e+01  -7.6455128e+01   4.1544496e+01  -7.2343205e+01   7.0998350e+01  -6.0455163e+01   9.9759001e+01  -4.4696150e+01   1.0821280e+02  -3.9924401e+01   1.7724639e-01
   2.1086111e+01  -7.6555005e+01   4.1545377e+01  -7.2440017e+01   7.1087805e+01  -6.0756421e+01   1.0004218e+02  -4.5246006e+01   1.0845156e+02  -4.0552771e+01   1.7396599e-01
   2.1053075e+01  -7.6335696e+01   4.1545377e+01  -7.2440017e+01   7.1287589e+01  -6.1053623e+01   1.0026280e+02  -4.5944846e+01   1.0887177e+02  -4.1348659e+01   1.6172168e-01
   2.1086111e+01  -7.6555005e+01   4.1545377e+01  -7.2440017e+01   7.1292570e+01  -6.1253403e+01   1.0047124e+02  -4.6343407e+01   1.0908787e+02  -4.1848733e+01   1.5688959e-01
   2.1117881e+01  -7.6574922e+01   4.1548344e+01  -7.2638679e+01   7.1301358e+01  -6.1555762e+01   1.0068662e+02  -4.6940765e+01   1.0950677e+02  -4.2548881e+01   1.4890674e-01
   2.1085428e+01  -7.6455128e+01   4.1548344e+01  -7.2638679e+01   7.1426125e+01  -6.2056431e+01   1.0090209e+02  -4.7538394e+01   1.0954700e+02  -4.3075561e+01   1.4171118e-01
   2.1085428e+01  -7.6455128e+01   4.1550420e+01  -7.2740551e+01   7.1506219e+01  -6.2052989e+01   1.0094202e+02  -4.7757334e+01   1.0993104e+02  -4.3539331e+01   1.3628744e-01
   2.1086111e+01  -7.6555005e+01   4.1551311e+01  -7.2837367e+01   7.1594865e+01  -6.2351623e+01   1.0152289e+02  -4.8633763e+01   1.1018106e+02  -4.4463297e+01   1.3130363e-01
   2.1086111e+01  -7.6555005e+01   4.1551311e+01  -7.2837367e+01   7.1718781e+01  -6.2755685e+01   1.0157284e+02  -4.9055418e+01   1.1059290e+02  -4.4965741e+01   1.2329051e-01
   2.1053754e+01  -7.6435420e+01   4.1553382e+01  -7.2939264e+01   7.1723788e+01  -6.2955695e+01   1.0178668e+02  -4.9556293e+01   1.1061347e+02  -4.5464547e+01   1.1790834e-01
   2.1085428e+01  -7.6455128e+01   4.1678548e+01  -7.2815177e+01   7.1922595e+01  -6.3155954e+01   1.0199012e+02  -4.9853467e+01   1.1082588e+02  -4.5960158e+01   1.1588858e-01
   2.1086111e+01  -7.6555005e+01   4.1554278e+01  -7.3036082e+01   7.1927616e+01  -6.3356017e+01   1.0203394e+02  -5.0170921e+01   1.1105387e+02  -4.6381933e+01   1.1204876e-01
   2.1085428e+01  -7.6455128e+01   4.1554278e+01  -7.3036082e+01   7.2010677e+01  -6.3453127e+01   1.0241616e+02  -5.0947572e+01   1.1127768e+02  -4.7081047e+01   1.1028781e-01
   2.1086111e+01  -7.6555005e+01   4.1556345e+01  -7.3138003e+01   7.2136534e+01  -6.3956595e+01   1.0246485e+02  -5.1365766e+01   1.1168207e+02  -4.7858272e+01   1.0588076e-01
   2.1086111e+01  -7.6555005e+01   4.1683499e+01  -7.3115708e+01   7.2228097e+01  -6.4355038e+01   1.0272329e+02  -5.2277800e+01   1.1211918e+02  -4.9055902e+01   9.7875536e-02
   2.1086111e+01  -7.6555005e+01   4.1558252e+01  -7.3331259e+01   7.2345535e+01  -6.4557420e+01   1.0293172e+02  -5.2676567e+01   1.1214845e+02  -4.9375475e+01   8.9675166e-02
   2.1086111e+01  -7.6555005e+01   4.1559308e+01  -7.3336769e+01   7.2428007e+01  -6.4652763e+01   1.0310650e+02  -5.3057744e+01   1.1235536e+02  -4.9769538e+01   8.8287949e-02
   2.1086111e+01  -7.6555005e+01   4.1560213e+01  -7.3433590e+01   7.2441868e+01  -6.5155108e+01   1.0336437e+02  -5.3968328e+01   1.1260252e+02  -5.0685545e+01   8.8185785e-02
   2.1053754e+01  -7.6435420e+01   4.1562271e+01  -7.3535561e+01   7.2640563e+01  -6.5355396e+01   1.0357849e+02  -5.4469930e+01   1.1282474e+02  -5.1289296e+01   8.0410227e-02
   2.1053754e+01  -7.6435420e+01   4.1686473e+01  -7.3314152e+01   7.2650688e+01  -6.5755511e+01   1.0379951e+02  -5.5170343e+01   1.1305076e+02  -5.2086547e+01   7.5632041e-02
   2.1086111e+01  -7.6555005e+01   4.1755354e+01  -7.3630560e+01   7.2657055e+01  -6.6053210e+01   1.0401539e+02  -5.5769003e+01   1.1328175e+02  -5.2601997e+01   7.2894718e-02
   2.1086111e+01  -7.6555005e+01   4.1563181e+01  -7.3632384e+01   7.2855825e+01  -6.6253621e+01   1.0405823e+02  -5.6174462e+01   1.1348409e+02  -5.3278790e+01   6.8189945e-02
   2.1053754e+01  -7.6435420e+01   4.1758336e+01  -7.3829374e+01   7.2942543e+01  -6.6546182e+01   1.0427915e+02  -5.6874708e+01   1.1372817e+02  -5.4094035e+01   6.5039379e-02
   2.1086111e+01  -7.6555005e+01   4.1692422e+01  -7.3711119e+01   7.2947623e+01  -6.6746066e+01   1.0446346e+02  -5.7462387e+01   1.1393315e+02  -5.4682643e+01   5.9345961e-02
   2.1086111e+01  -7.6555005e+01   4.1694477e+01  -7.3812974e+01   7.3073666e+01  -6.7157314e+01   1.0450910e+02  -5.7871050e+01   1.1415211e+02  -5.5282667e+01   5.7448321e-02
   2.1085428e+01  -7.6455128e+01   4.1695397e+01  -7.3909642e+01   7.3085178e+01  -6.7655557e+01   1.0489910e+02  -5.8667098e+01   1.1438415e+02  -5.6184452e+01   5.5559526e-02
   2.1086111e+01  -7.6555005e+01   4.1761317e+01  -7.4028214e+01   7.3090272e+01  -6.7855896e+01   1.0494295e+02  -5.9166081e+01   1.1441273e+02  -5.6590892e+01   5.0085068e-02
   2.1086111e+01  -7.6555005e+01   4.1697448e+01  -7.4011522e+01   7.3094031e+01  -6.7958591e+01   1.0512474e+02  -5.9564145e+01   1.1462922e+02  -5.7093698e+01   4.7420042e-02
   2.1085428e+01  -7.6455128e+01   4.1763373e+01  -7.4130255e+01   7.3180475e+01  -6.8248861e+01   1.0514610e+02  -6.0162703e+01   1.1466276e+02  -5.7600295e+01   4.4444878e-02
   2.1086111e+01  -7.6555005e+01   4.1698373e+01  -7.4108191e+01   7.3181814e+01  -6.8346383e+01   1.0535553e+02  -6.0563963e+01   1.1486819e+02  -5.8286720e+01   4.0259389e-02
   2.1085428e+01  -7.6455128e+01   4.1698373e+01  -7.4108191e+01   7.3304514e+01  -6.8657821e+01   1.0538958e+02  -6.0764028e+01   1.1487590e+02  -5.8486091e+01   3.8392727e-02
   2.1086111e+01  -7.6555005e+01   4.1766351e+01  -7.4329146e+01   7.3390681e+01  -6.8947137e+01   1.0558127e+02  -6.1461894e+01   1.1509506e+02  -5.9086925e+01   3.7699990e-02
   2.1086111e+01  -7.6555005e+01   4.1701348e+01  -7.4306766e+01   7.3394439e+01  -6.9049785e+01   1.0562543e+02  -6.1865615e+01   1.1530786e+02  -5.9787800e+01   3.0457598e-02
   2.1085428e+01  -7.6455128e+01   4.1767282e+01  -7.4425974e+01   7.3400901e+01  -6.9347557e+01   1.0563972e+02  -6.2264624e+01   1.1533533e+02  -6.0189742e+01   2.7301005e-02
   2.1085428e+01  -7.6455128e+01   4.1895310e+01  -7.4406863e+01   7.3532869e+01  -6.9964243e+01   1.0586339e+02  -6.3065148e+01   1.1557936e+02  -6.1094154e+01   2.6007658e-02
   2.1086111e+01  -7.6555005e+01   4.1896246e+01  -7.4503534e+01   7.3539358e+01  -7.0262632e+01   1.0605599e+02  -6.3767688e+01   1.1560484e+02  -6.1789559e+01   2.3009980e-02
   2.1241526e+01  -7.6332419e+01   4.1896246e+01  -7.4503534e+01   7.3544482e+01  -7.0463311e+01   1.0609435e+02  -6.4065897e+01   1.1582183e+02  -6.2293928e+01   1.6591273e-02
   2.1085428e+01  -7.6455128e+01   4.1898294e+01  -7.4605484e+01   7.3629004e+01  -7.0652582e+01   1.0611365e+02  -6.4567833e+01   1.1584258e+02  -6.2795418e+01   1.4132477e-02
   2.1085428e+01  -7.6455128e+01   4.1835232e+01  -7.4684504e+01   7.3752498e+01  -7.0968071e+01   1.0632547e+02  -6.5067354e+01   1.1606449e+02  -6.3494713e+01   1.0732409e-02
   2.1086111e+01  -7.6555005e+01   4.1775285e+01  -7.4925979e+01   7.3757634e+01  -7.1168849e+01   1.0634704e+02  -6.5667178e+01   1.1608782e+02  -6.4094068e+01   3.8496274e-03
   2.1086111e+01  -7.6555005e+01   4.1901279e+01  -7.4804131e+01   7.3838109e+01  -7.1254283e+01   1.0653340e+02  -6.6174627e+01   1.1611179e+02  -6.4392041e+01   2.7217756e-03
   2.1242219e+01  -7.6432136e+01   4.1901279e+01  -7.4804131e+01   7.3764155e+01  -7.1467434e+01   1.0653542e+02  -6.6272024e+01   1.1629920e+02  -6.4798873e+01  -2.4303634e-04
   2.1085428e+01  -7.6455128e+01   4.1901279e+01  -7.4804131e+01   7.3767906e+01  -7.1570483e+01   1.0656395e+02  -6.6269568e+01   1.1630964e+02  -6.4793695e+01   1.2761668e-04
   2.1086111e+01  -7.6555005e+01   4.1901279e+01  -7.4804131e+01   7.3843246e+01  -7.1454788e+01   1.0636861e+02  -6.6267230e+01   1.1631512e+02  -6.4896429e+01  -6.1102686e-04
   2.1086111e+01  -7.6555005e+01   4.1901279e+01  -7.4804131e+01   7.3767906e+01  -7.1570483e+01   1.0656889e+02  -6.6372046e+01   1.1631479e+02  -6.5199372e+01   1.6703550e-04
   2.1085428e+01  -7.6455128e+01   4.1901279e+01  -7.4804131e+01   7.3843246e+01  -7.1454788e+01   1.0657115e+02  -6.6469643e+01   1.1632291e+02  -6.5096372e+01  -1.0463786e-03
   2.1086111e+01  -7.6555005e+01   4.1901279e+01  -7.4804131e+01   7.3888085e+01  -7.1784839e+01   1.0657115e+02  -6.6469643e+01   1.1632291e+02  -6.5096372e+01  -8.9509130e-04
   2.1086111e+01  -7.6555005e+01   4.1901279e+01  -7.4804131e+01   7.3848384e+01  -7.1655318e+01   1.0639937e+02  -6.6361884e+01   1.1632291e+02  -6.5096372e+01   8.8936357e-04
   2.1086111e+01  -7.6555005e+01   4.1901279e+01  -7.4804131e+01   7.3848384e+01  -7.1655318e+01   1.0654781e+02  -6.6575391e+01   1.1632523e+02  -6.5193579e+01  -1.1120288e-03
   2.1086111e+01  -7.6555005e+01   4.1904264e+01  -7.5002804e+01   7.3844633e+01  -7.1552415e+01   1.0657115e+02  -6.6469643e+01   1.1632811e+02  -6.5198795e+01  -1.1250582e-03
   2.1086111e+01  -7.6555005e+01   4.1903418e+01  -7.4905739e+01   7.3848384e+01  -7.1655318e+01   1.0657115e+02  -6.6469643e+01   1.1632523e+02  -6.5193579e+01   5.3969448e-04
   2.1086111e+01  -7.6555005e+01   4.1902225e+01  -7.4900805e+01   7.3848384e+01  -7.1655318e+01   1.0657836e+02  -6.6669742e+01   1.1632523e+02  -6.5193579e+01   1.4956878e-03
   2.1053754e+01  -7.6435420e+01   4.1902225e+01  -7.4900805e+01   7.3848384e+01  -7.1655318e+01   1.0657836e+02  -6.6669742e+01   1.1633071e+02  -6.5296341e+01   1.5308886e-03
   2.1086111e+01  -7.6555005e+01   4.1901279e+01  -7.4804131e+01   7.3848384e+01  -7.1655318e+01   1.0657836e+02  -6.6669742e+01   1.1633071e+02  -6.5296341e+01  -3.6641449e-04
   2.1085428e+01  -7.6455128e+01   4.1902225e+01  -7.4900805e+01   7.3967117e+01  -7.1771685e+01   1.0657836e+02  -6.6669742e+01   1.1633071e+02  -6.5296341e+01  -3.9968840e-04
   2.1086111e+01  -7.6555005e+01   4.1901279e+01  -7.4804131e+01   7.3848384e+01  -7.1655318e+01   1.0657836e+02  -6.6669742e+01   1.1633071e+02  -6.5296341e+01  -1.0497166e-03
   2.1086111e+01  -7.6555005e+01   4.1901279e+01  -7.4804131e+01   7.3848384e+01  -7.1655318e+01   1.0657836e+02  -6.6669742e+01   1.1633071e+02  -6.5296341e+01  -1.5944053e-03
   2.1118567e+01  -7.6674952e+01   4.1901279e+01  -7.4804131e+01   7.3848384e+01  -7.1655318e+01   1.0657836e+02  -6.6669742e+01   1.1633071e+02  -6.5296341e+01  -3.1045430e-04
   2.1085428e+01  -7.6455128e+01   4.1902225e+01  -7.4900805e+01   7.3848384e+01  -7.1655318e+01   1.0657836e+02  -6.6669742e+01   1.1633071e+02  -6.5296341e+01  -1.2156858e-03
   2.1241526e+01  -7.6332419e+01   4.1901279e+01  -7.4804131e+01   7.3848384e+01  -7.1655318e+01   1.0657836e+02  -6.6669742e+01   1.1633071e+02  -6.5296341e+01  -4.5069410e-04
   2.1117881e+01  -7.6574922e+01   4.1904264e+01  -7.5002804e+01   7.3848384e+01  -7.1655318e+01   1.0640656e+02  -6.6561658e+01   1.1633071e+02  -6.5296341e+01  -9.3709107e-04
   2.1086111e+01  -7.6555005e+01   4.1902225e+01  -7.4900805e+01   7.3848384e+01  -7.1655318e+01   1.0657836e+02  -6.6669742e+01   1.1633071e+02  -6.5296341e+01  -6.5923870e-04
   2.1086111e+01  -7.6555005e+01   4.1902225e+01  -7.4900805e+01   7.3848384e+01  -7.1655318e+01   1.0657836e+02  -6.6669742e+01   1.1633071e+02  -6.5296341e+01   3.5327509e-03
   2.1086111e+01  -7.6555005e+01   4.1902225e+01  -7.4900805e+01   7.3848384e+01  -7.1655318e+01   1.0657319e+02  -6.6566902e+01   1.1632523e+02  -6.5193579e+01   1.3983151e-03
   2.1053754e+01  -7.6435420e+01   4.1902225e+01  -7.4900805e+01   7.3767906e+01  -7.1570483e+01   1.0653542e+02  -6.6272024e+01   1.1629920e+02  -6.4798873e+01   7.5272392e-04
   2.1086111e+01  -7.6555005e+01   4.1901279e+01  -7.4804131e+01   7.3762769e+01  -7.1369653e+01   1.0635423e+02  -6.5867170e+01   1.1610337e+02  -6.4493762e+01   7.8332992e-03
   2.1085428e+01  -7.6455128e+01   4.1901279e+01  -7.4804131e+01   7.3757634e+01  -7.1168849e+01   1.0633467e+02  -6.5364466e+01   1.1606380e+02  -6.3795247e+01   1.3886607e-02
   2.1086111e+01  -7.6555005e+01   4.1899235e+01  -7.4702156e+01   7.3748741e+01  -7.0865082e+01   1.0629460e+02  -6.4970657e+01   1.1585515e+02  -6.3189568e+01   2.0387798e-02
   2.1086111e+01  -7.6555005e+01   4.1898294e+01  -7.4605484e+01   7.3625253e+01  -7.0549777e+01   1.0607952e+02  -6.4465218e+01   1.1582305e+02  -6.2689606e+01   3.0746630e-02
   2.1086111e+01  -7.6555005e+01   4.1896246e+01  -7.4503534e+01   7.3539358e+01  -7.0262632e+01   1.0605080e+02  -6.3664920e+01   1.1558795e+02  -6.1687496e+01   3.4550646e-02
   2.1086111e+01  -7.6555005e+01   4.1895310e+01  -7.4406863e+01   7.3532869e+01  -6.9964243e+01   1.0601036e+02  -6.3268332e+01   1.1556103e+02  -6.1287764e+01   4.4837355e-02
   2.1085428e+01  -7.6455128e+01   4.1895310e+01  -7.4406863e+01   7.3523989e+01  -6.9660751e+01   1.0581757e+02  -6.2565721e+01   1.1552854e+02  -6.0783994e+01   5.0851200e-02
   2.1085428e+01  -7.6455128e+01   4.1767282e+01  -7.4425974e+01   7.3518867e+01  -6.9460177e+01   1.0577361e+02  -6.2162256e+01   1.1532028e+02  -6.0182404e+01   5.1524833e-02
   2.1086111e+01  -7.6555005e+01   4.1767282e+01  -7.4425974e+01   7.3432737e+01  -6.9171109e+01   1.0558298e+02  -6.1558722e+01   1.1527973e+02  -5.9477176e+01   6.1317280e-02
   2.1086111e+01  -7.6555005e+01   4.1890268e+01  -7.4106369e+01   7.3304514e+01  -6.8657821e+01   1.0533952e+02  -6.0957677e+01   1.1504627e+02  -5.8571232e+01   6.4555363e-02
   2.1086111e+01  -7.6555005e+01   4.1764300e+01  -7.4227081e+01   7.3223210e+01  -6.8568413e+01   1.0531810e+02  -6.0357884e+01   1.1483236e+02  -5.8071795e+01   6.9231764e-02
   2.1086111e+01  -7.6555005e+01   4.1764300e+01  -7.4227081e+01   7.3218104e+01  -6.8367670e+01   1.0511359e+02  -6.0058708e+01   1.1462882e+02  -5.7481030e+01   7.4720617e-02
   2.1085428e+01  -7.6455128e+01   4.1763373e+01  -7.4130255e+01   7.3216762e+01  -6.8269832e+01   1.0510125e+02  -5.9756258e+01   1.1461058e+02  -5.7372395e+01   7.6377141e-02
   2.1086111e+01  -7.6555005e+01   4.1695397e+01  -7.3909642e+01   7.3207892e+01  -6.7966262e+01   1.0505438e+02  -5.9251357e+01   1.1438547e+02  -5.6667918e+01   7.7158222e-02
   2.1086111e+01  -7.6555005e+01   4.1761317e+01  -7.4028214e+01   7.3085178e+01  -6.7655557e+01   1.0487027e+02  -5.8755503e+01   1.1436422e+02  -5.6165613e+01   8.0762192e-02
   2.1085428e+01  -7.6455128e+01   4.1760396e+01  -7.3931389e+01   7.3074992e+01  -6.7254957e+01   1.0482835e+02  -5.8352056e+01   1.1433396e+02  -5.5660718e+01   8.0949562e-02
   2.1085428e+01  -7.6455128e+01   4.1760396e+01  -7.3931389e+01   7.2993398e+01  -6.7163465e+01   1.0461144e+02  -5.7750391e+01   1.1391214e+02  -5.4953698e+01   8.8037593e-02
   2.1085428e+01  -7.6455128e+01   4.1758336e+01  -7.3829374e+01   7.2871061e+01  -6.6854168e+01   1.0459911e+02  -5.7447967e+01   1.1389679e+02  -5.4554096e+01   9.0755294e-02
   2.1086111e+01  -7.6555005e+01   4.1758336e+01  -7.3829374e+01   7.2865982e+01  -6.6653960e+01   1.0438231e+02  -5.6846712e+01   1.1367910e+02  -5.4049457e+01   9.5071942e-02
   2.1085428e+01  -7.6455128e+01   4.1758336e+01  -7.3829374e+01   7.2860903e+01  -6.6453777e+01   1.0437522e+02  -5.6646994e+01   1.1348543e+02  -5.3665309e+01   9.7868272e-02
   2.1085428e+01  -7.6455128e+01   4.1755354e+01  -7.3630560e+01   7.2779016e+01  -6.6361101e+01   1.0416377e+02  -5.6148566e+01   1.1345029e+02  -5.3151766e+01   9.8676274e-02
   2.1086111e+01  -7.6555005e+01   4.1628992e+01  -7.3750694e+01   7.2772630e+01  -6.6062883e+01   1.0394719e+02  -5.5547895e+01   1.1322339e+02  -5.2351422e+01   1.0123562e-01
   2.1086111e+01  -7.6555005e+01   4.1689447e+01  -7.3512622e+01   7.2768862e+01  -6.5960217e+01   1.0393649e+02  -5.5342781e+01   1.1322339e+02  -5.2351422e+01   1.0697531e-01
   2.1085428e+01  -7.6455128e+01   4.1628992e+01  -7.3750694e+01   7.2569808e+01  -6.5759544e+01   1.0390064e+02  -5.5134465e+01   1.1319553e+02  -5.2035254e+01   1.0720210e-01
   2.1117881e+01  -7.6574922e+01   4.1628992e+01  -7.3750694e+01   7.2564745e+01  -6.5559168e+01   1.0372365e+02  -5.4748040e+01   1.1298172e+02  -5.1536489e+01   1.0870061e-01
   2.1086111e+01  -7.6555005e+01   4.1626017e+01  -7.3551581e+01   7.2564745e+01  -6.5559168e+01   1.0368386e+02  -5.4533330e+01   1.1278520e+02  -5.1150727e+01   1.1056809e-01
   2.1086111e+01  -7.6555005e+01   4.1626017e+01  -7.3551581e+01   7.2559682e+01  -6.5358818e+01   1.0350361e+02  -5.4142472e+01   1.1277171e+02  -5.0848863e+01   1.1253494e-01
   2.1086111e+01  -7.6555005e+01   4.1626017e+01  -7.3551581e+01   7.2553326e+01  -6.5060765e+01   1.0329278e+02  -5.3645266e+01   1.1255278e+02  -5.0249075e+01   1.1521237e-01
   2.1086111e+01  -7.6555005e+01   4.1559308e+01  -7.3336769e+01   7.2350584e+01  -6.4757666e+01   1.0307113e+02  -5.2943263e+01   1.1231838e+02  -4.9631860e+01   1.2179054e-01
   2.1085428e+01  -7.6455128e+01   4.1557245e+01  -7.3234823e+01   7.2345535e+01  -6.4557420e+01   1.0303411e+02  -5.2731580e+01   1.1209935e+02  -4.9031721e+01   1.2548130e-01
   2.1053754e+01  -7.6435420e+01   4.1559308e+01  -7.3336769e+01   7.2266577e+01  -6.4564471e+01   1.0302710e+02  -5.2532114e+01   1.1209935e+02  -4.9031721e+01   1.2834790e-01
   2.1086983e+01  -7.6654524e+01   4.1557245e+01  -7.3234823e+01   7.2220519e+01  -6.4150021e+01   1.0280658e+02  -5.1926169e+01   1.1187452e+02  -4.8329354e+01   1.2500741e-01
   2.1086111e+01  -7.6555005e+01   4.1622141e+01  -7.3255518e+01   7.2136534e+01  -6.3956595e+01   1.0259597e+02  -5.1429282e+01   1.1166159e+02  -4.7832290e+01   1.3213455e-01
   2.1085428e+01  -7.6455128e+01   4.1554278e+01  -7.3036082e+01   7.2045816e+01  -6.3653886e+01   1.0237280e+02  -5.0630648e+01   1.1122585e+02  -4.6730622e+01   1.3598038e-01
   2.1086111e+01  -7.6555005e+01   4.1680525e+01  -7.2917291e+01   7.1927616e+01  -6.3356017e+01   1.0213235e+02  -5.0214297e+01   1.1099550e+02  -4.6210965e+01   1.3976660e-01
   2.1086111e+01  -7.6555005e+01   4.1620069e+01  -7.3153436e+01   7.1922595e+01  -6.3155954e+01   1.0195313e+02  -4.9734156e+01   1.1080227e+02  -4.5834511e+01   1.4468519e-01
   2.1085428e+01  -7.6455128e+01   4.1553382e+01  -7.2939264e+01   7.1913754e+01  -6.2853225e+01   1.0174692e+02  -4.9527634e+01   1.1058551e+02  -4.5332737e+01   1.4877896e-01
   2.1053075e+01  -7.6335696e+01   4.1551311e+01  -7.2837367e+01   7.1830443e+01  -6.2755084e+01   1.0153526e+02  -4.8934958e+01   1.1055248e+02  -4.4910222e+01   1.5263273e-01
   2.1086111e+01  -7.6555005e+01   4.1551311e+01  -7.2837367e+01   7.1708767e+01  -6.2355744e+01   1.0132098e+02  -4.8433327e+01   1.1013786e+02  -4.4309621e+01   1.5832654e-01
   2.1085428e+01  -7.6455128e+01   4.1674578e+01  -7.2520534e+01   7.1625161e+01  -6.2256862e+01   1.0123652e+02  -4.7893491e+01   1.0991769e+02  -4.3614245e+01   1.6046414e-01
   2.1053754e+01  -7.6435420e+01   4.1550420e+01  -7.2740551e+01   7.1422315e+01  -6.1953674e+01   1.0102718e+02  -4.7493187e+01   1.0968339e+02  -4.3181815e+01   1.6772673e-01
   2.1086111e+01  -7.6555005e+01   4.1548344e+01  -7.2638679e+01   7.1491233e+01  -6.1453411e+01   1.0064351e+02  -4.6811308e+01   1.0927514e+02  -4.2308748e+01   1.6876086e-01
   2.1085428e+01  -7.6455128e+01   4.1546365e+01  -7.2536450e+01   7.1407334e+01  -6.1353200e+01   1.0059641e+02  -4.6391370e+01   1.0924060e+02  -4.1882025e+01   1.7463385e-01
   2.1086111e+01  -7.6555005e+01   4.1545377e+01  -7.2440017e+01   7.1287589e+01  -6.1053623e+01   1.0022471e+02  -4.5916382e+01   1.0902821e+02  -4.1385925e+01   1.7717450e-01
   2.1085428e+01  -7.6455128e+01   4.1545377e+01  -7.2440017e+01   7.1202227e+01  -6.0855410e+01   1.0017141e+02  -4.5392793e+01   1.0879085e+02  -4.0853227e+01   1.8169596e-01
   2.1086111e+01  -7.6555005e+01   4.1544496e+01  -7.2343205e+01   7.0999509e+01  -6.0552567e+01   9.9760390e+01  -4.4792937e+01   1.0819839e+02  -4.0090170e+01   1.8989734e-01
   2.1053075e+01  -7.6335696e+01   4.1542411e+01  -7.2241381e+01   7.0999509e+01  -6.0552567e+01   9.9759001e+01  -4.4696150e+01   1.0819275e+02  -3.9988306e+01   1.9264458e-01
   2.1053754e+01  -7.6435420e+01   4.1544496e+01  -7.2343205e+01   7.0999509e+01  -6.0552567e+01   9.9759001e+01  -4.4696150e+01   1.0819275e+02  -3.9988306e+01   1.9518778e-01
   2.1053754e+01  -7.6435420e+01   4.1544496e+01  -7.2343205e+01   7.1004476e+01  -6.0752595e+01   1.0000098e+02  -4.5023197e+01   1.0840335e+02  -4.0387224e+01   1.9351573e-01
   2.1086111e+01  -7.6555005e+01   4.1545377e+01  -7.2440017e+01   7.1092771e+01  -6.0956170e+01   1.0021646e+02  -4.5620879e+01   1.0883798e+02  -4.1017662e+01   1.8622748e-01
   2.1086111e+01  -7.6555005e+01   4.1545377e+01  -7.2440017e+01   7.1291399e+01  -6.1156135e+01   1.0026421e+02  -4.6041383e+01   1.0905438e+02  -4.1518378e+01   1.7086308e-01
   2.1086111e+01  -7.6555005e+01   4.1545377e+01  -7.2440017e+01   7.1292570e+01  -6.1253403e+01   1.0046440e+02  -4.6144826e+01   1.0906327e+02  -4.1813495e+01   1.6313041e-01
   2.1085428e+01  -7.6455128e+01   4.1548344e+01  -7.2638679e+01   7.1416141e+01  -6.1656049e+01   1.0068662e+02  -4.6940765e+01   1.0948869e+02  -4.2616828e+01   1.5982757e-01
   2.1086111e+01  -7.6555005e+01   4.1550420e+01  -7.2740551e+01   7.1505035e+01  -6.1955695e+01   1.0090045e+02  -4.7441539e+01   1.0972462e+02  -4.3145945e+01   1.5005535e-01
   2.1242219e+01  -7.6432136e+01   4.1548344e+01  -7.2638679e+01   7.1505035e+01  -6.1955695e+01   1.0110388e+02  -4.7738666e+01   1.0992950e+02  -4.3442865e+01   1.4274727e-01
   2.1085428e+01  -7.6455128e+01   4.1677552e+01  -7.2718899e+01   7.1704950e+01  -6.2253111e+01   1.0131952e+02  -4.8336676e+01   1.1014754e+02  -4.4040356e+01   1.4021695e-01
   2.1086111e+01  -7.6555005e+01   4.1550420e+01  -7.2740551e+01   7.1713774e+01  -6.2555702e+01   1.0152834e+02  -4.8736017e+01   1.1036387e+02  -4.4541372e+01   1.3701909e-01
   2.1086111e+01  -7.6555005e+01   4.1551311e+01  -7.2837367e+01   7.1797127e+01  -6.2653993e+01   1.0157284e+02  -4.9055418e+01   1.1058209e+02  -4.5139390e+01   1.2821299e-01
   2.1085428e+01  -7.6455128e+01   4.1551311e+01  -7.2837367e+01   7.1802136e+01  -6.2853679e+01   1.0178668e+02  -4.9556293e+01   1.1081655e+02  -4.5664923e+01   1.2306307e-01
   2.1086111e+01  -7.6555005e+01   4.1554278e+01  -7.3036082e+01   7.1923799e+01  -6.3253284e+01   1.0202849e+02  -5.0068849e+01   1.1103062e+02  -4.6257083e+01   1.1903758e-01
   2.1118567e+01  -7.6674952e+01   4.1554278e+01  -7.3036082e+01   7.2131499e+01  -6.3756454e+01   1.0245093e+02  -5.0968473e+01   1.1145803e+02  -4.7157868e+01   1.1308967e-01
   2.1053754e+01  -7.6435420e+01   4.1556345e+01  -7.3138003e+01   7.2131499e+01  -6.3756454e+01   1.0245789e+02  -5.1167107e+01   1.1148819e+02  -4.7479911e+01   1.0579323e-01
   2.1086111e+01  -7.6555005e+01   4.1557245e+01  -7.3234823e+01   7.2219301e+01  -6.4052822e+01   1.0267871e+02  -5.1866815e+01   1.1172857e+02  -4.8199526e+01   1.0455032e-01
   2.1086111e+01  -7.6555005e+01   4.1683499e+01  -7.3115708e+01   7.2228097e+01  -6.4355038e+01   1.0288916e+02  -5.2362880e+01   1.1194648e+02  -4.8796512e+01   9.8439777e-02
   2.1086111e+01  -7.6555005e+01   4.1557245e+01  -7.3234823e+01   7.2310614e+01  -6.4450540e+01   1.0293172e+02  -5.2676567e+01   1.1215861e+02  -4.9291655e+01   9.4772578e-02
   2.1085428e+01  -7.6455128e+01   4.1560213e+01  -7.3433590e+01   7.2436820e+01  -6.4955116e+01   1.0332784e+02  -5.3758735e+01   1.1258566e+02  -5.0191978e+01   9.2382224e-02
   2.1086111e+01  -7.6555005e+01   4.1560213e+01  -7.3433590e+01   7.2520334e+01  -6.5147150e+01   1.0336982e+02  -5.4070589e+01   1.1260840e+02  -5.0787787e+01   8.7198434e-02
   2.1053754e+01  -7.6435420e+01   4.1626017e+01  -7.3551581e+01   7.2641861e+01  -6.5452977e+01   1.0358372e+02  -5.4571958e+01   1.1282673e+02  -5.1385983e+01   8.0218242e-02
   2.1086111e+01  -7.6555005e+01   4.1628992e+01  -7.3750694e+01   7.2646925e+01  -6.5653029e+01   1.0379428e+02  -5.5068265e+01   1.1304316e+02  -5.1887738e+01   8.0820022e-02
   2.1085428e+01  -7.6455128e+01   4.1755354e+01  -7.3630560e+01   7.2733923e+01  -6.5946393e+01   1.0401016e+02  -5.5666875e+01   1.1308074e+02  -5.2497793e+01   7.7074008e-02
   2.1085428e+01  -7.6455128e+01   4.1689447e+01  -7.3512622e+01   7.2740238e+01  -6.6243304e+01   1.0405823e+02  -5.6174462e+01   1.1348792e+02  -5.3284445e+01   7.0865206e-02
   2.1086111e+01  -7.6555005e+01   4.1565234e+01  -7.3734379e+01   7.2864667e+01  -6.6556337e+01   1.0407754e+02  -5.6673981e+01   1.1352063e+02  -5.3699320e+01   6.8512581e-02
   2.1242219e+01  -7.6432136e+01   4.1566150e+01  -7.3831203e+01   7.2951384e+01  -6.6848501e+01   1.0446160e+02  -5.7365462e+01   1.1376079e+02  -5.4507556e+01   6.3438981e-02
   2.1086111e+01  -7.6555005e+01   4.1758336e+01  -7.3829374e+01   7.2952704e+01  -6.6945976e+01   1.0449681e+02  -5.7569993e+01   1.1395437e+02  -5.4891752e+01   5.8638271e-02
   2.1085428e+01  -7.6455128e+01   4.1694477e+01  -7.3812974e+01   7.3080085e+01  -6.7455244e+01   1.0471794e+02  -5.8270984e+01   1.1418070e+02  -5.5689945e+01   5.8772333e-02
   2.1086111e+01  -7.6555005e+01   4.1695397e+01  -7.3909642e+01   7.3090272e+01  -6.7855896e+01   1.0494295e+02  -5.9166081e+01   1.1441485e+02  -5.6687741e+01   5.4944457e-02
   2.1086111e+01  -7.6555005e+01   4.1763373e+01  -7.4130255e+01   7.3170288e+01  -6.7848715e+01   1.0512474e+02  -5.9564145e+01   1.1462393e+02  -5.6991670e+01   4.7526939e-02
   2.1086111e+01  -7.6555005e+01   4.1763373e+01  -7.4130255e+01   7.3176718e+01  -6.8146291e+01   1.0515718e+02  -5.9668714e+01   1.1445423e+02  -5.7296965e+01   4.4660671e-02
   2.1086111e+01  -7.6555005e+01   4.1697448e+01  -7.4011522e+01   7.3298063e+01  -6.8359693e+01   1.0516620e+02  -5.9964822e+01   1.1465961e+02  -5.7595139e+01   4.6139786e-02
   2.1053754e+01  -7.6435420e+01   4.1698373e+01  -7.4108191e+01   7.3304514e+01  -6.8657821e+01   1.0538766e+02  -6.0667078e+01   1.1488604e+02  -5.8393712e+01   4.1189544e-02
   2.1118567e+01  -7.6674952e+01   4.1766351e+01  -7.4329146e+01   7.3389331e+01  -6.8849594e+01   1.0540384e+02  -6.1162741e+01   1.1509506e+02  -5.9086925e+01   3.8981751e-02
   2.1086111e+01  -7.6555005e+01   4.1892326e+01  -7.4208269e+01   7.3389331e+01  -6.8849594e+01   1.0540904e+02  -6.1265156e+01   1.1510060e+02  -5.9189399e+01   3.4732014e-02
   2.1086111e+01  -7.6555005e+01   4.1700418e+01  -7.4210095e+01   7.3394439e+01  -6.9049785e+01   1.0561829e+02  -6.1666148e+01   1.1512585e+02  -5.9494291e+01   3.4298531e-02
   2.1086111e+01  -7.6555005e+01   4.1767282e+01  -7.4425974e+01   7.3518867e+01  -6.9460177e+01   1.0563972e+02  -6.2264624e+01   1.1534701e+02  -6.0191583e+01   3.4450660e-02
   2.1085428e+01  -7.6455128e+01   4.1769329e+01  -7.4528064e+01   7.3529112e+01  -6.9861352e+01   1.0585623e+02  -6.2865524e+01   1.1556246e+02  -6.0991069e+01   2.8594830e-02
   2.1086111e+01  -7.6555005e+01   4.1896246e+01  -7.4503534e+01   7.3539358e+01  -7.0262632e+01   1.0605599e+02  -6.3767688e+01   1.1561170e+02  -6.1595267e+01   2.3273464e-02
   2.1085428e+01  -7.6455128e+01   4.1898294e+01  -7.4605484e+01   7.3543112e+01  -7.0365563e+01   1.0609214e+02  -6.3968442e+01   1.1581407e+02  -6.2094352e+01   1.7574316e-02
   2.1085428e+01  -7.6455128e+01   4.1898294e+01  -7.4605484e+01   7.3747363e+01  -7.0767319e+01   1.0611365e+02  -6.4567833e+01   1.1584258e+02  -6.2795418e+01   1.4219032e-02
   2.1086111e+01  -7.6555005e+01   4.1899235e+01  -7.4702156e+01   7.3752498e+01  -7.0968071e+01   1.0632547e+02  -6.5067354e+01   1.1605899e+02  -6.3392079e+01   1.0062424e-02
   2.1086111e+01  -7.6555005e+01   4.1899235e+01  -7.4702156e+01   7.3757634e+01  -7.1168849e+01   1.0633985e+02  -6.5467211e+01   1.1608004e+02  -6.3894258e+01   7.4972805e-03
   2.1086111e+01  -7.6555005e+01   4.1901279e+01  -7.4804131e+01   7.3762769e+01  -7.1369653e+01   1.0637781e+02  -6.5762714e+01   1.1610402e+02  -6.4192499e+01   4.8147056e-03
   2.1086111e+01  -7.6555005e+01   4.1901279e+01  -7.4804131e+01   7.3767906e+01  -7.1570483e+01   1.0655675e+02  -6.6069519e+01   1.1629140e+02  -6.4598662e+01   1.1077932e-03
   2.1085428e+01  -7.6455128e+01   4.1901279e+01  -7.4804131e+01   7.3767906e+01  -7.1570483e+01   1.0638702e+02  -6.6059491e+01   1.1611115e+02  -6.4693647e+01   7.2862250e-04
   2.1086111e+01  -7.6555005e+01   4.1901279e+01  -7.4804131e+01   7.3767906e+01  -7.1570483e+01   1.0654060e+02  -6.6374996e+01   1.1630964e+02  -6.4793695e+01  -9.8218397e-04
   2.1053754e+01  -7.6435420e+01   4.1901279e+01  -7.4804131e+01   7.3724905e+01  -7.1339112e+01   1.0656395e+02  -6.6269568e+01   1.1631512e+02  -6.4896429e+01  -1.5922881e-03
   2.1086111e+01  -7.6555005e+01   4.1901279e+01  -7.4804131e+01   7.3843246e+01  -7.1454788e+01   1.0656395e+02  -6.6269568e+01   1.1630700e+02  -6.4999110e+01  -1.0178380e-04
   2.1086111e+01  -7.6555005e+01   4.1901279e+01  -7.4804131e+01   7.3844633e+01  -7.1552415e+01   1.0656598e+02  -6.6366818e+01   1.1631744e+02  -6.4993624e+01  -2.0842825e-04
   2.1053754e+01  -7.6435420e+01   4.1902225e+01  -7.4900805e+01   7.3843246e+01  -7.1454788e+01   1.0639937e+02  -6.6361884e+01   1.1631220e+02  -6.5101680e+01  -7.0680017e-04
   2.1086111e+01  -7.6555005e+01   4.1901279e+01  -7.4804131e+01   7.3963359e+01  -7.1668617e+01   1.0657115e+02  -6.6469643e+01   1.1632291e+02  -6.5096372e+01  -2.1643608e-03
   2.1086111e+01  -7.6555005e+01   4.1901279e+01  -7.4804131e+01   7.3769293e+01  -7.1668270e+01   1.0657115e+02  -6.6469643e+01   1.1632291e+02  -6.5096372e+01  -2.0157520e-05
   2.1085428e+01  -7.6455128e+01   4.1903418e+01  -7.4905739e+01   7.3844633e+01  -7.1552415e+01   1.0639937e+02  -6.6361884e+01   1.1632291e+02  -6.5096372e+01  -9.6949542e-04
   2.1118567e+01  -7.6674952e+01   4.1901279e+01  -7.4804131e+01   7.3848384e+01  -7.1655318e+01   1.0657115e+02  -6.6469643e+01   1.1632291e+02  -6.5096372e+01  -2.2859855e-04
   2.1086111e+01  -7.6555005e+01   4.1901279e+01  -7.4804131e+01   7.3848384e+01  -7.1655318e+01   1.0639937e+02  -6.6361884e+01   1.1613511e+02  -6.4990820e+01  -6.6274228e-04
   2.1085428e+01  -7.6455128e+01   4.1902225e+01  -7.4900805e+01   7.3848384e+01  -7.1655318e+01   1.0657115e+02  -6.6469643e+01   1.1632291e+02  -6.5096372e+01  -4.6035422e-04
   2.1085428e+01  -7.6455128e+01   4.1902225e+01  -7.4900805e+01   7.3844633e+01  -7.1552415e+01   1.0657319e+02  -6.6566902e+01   1.1631711e+02  -6.5296736e+01  -6.0264892e-05
   2.1241526e+01  -7.6332419e+01   4.1902225e+01  -7.4900805e+01   7.3848384e+01  -7.1655318e+01   1.0657115e+02  -6.6469643e+01   1.1632291e+02  -6.5096372e+01  -2.3280593e-05
   2.1085428e+01  -7.6455128e+01   4.1902225e+01  -7.4900805e+01   7.3848384e+01  -7.1655318e+01   1.0657319e+02  -6.6566902e+01   1.1632291e+02  -6.5096372e+01  -2.3353083e-04
   2.1085428e+01  -7.6455128e+01   4.1902225e+01  -7.4900805e+01   7.3848384e+01  -7.1655318e+01   1.0657836e+02  -6.6669742e+01   1.1632523e+02  -6.5193579e+01   2.3747038e-03
   2.1086111e+01  -7.6555005e+01   4.1902225e+01  -7.4900805e+01   7.3848384e+01  -7.1655318e+01   1.0657836e+02  -6.6669742e+01   1.1632523e+02  -6.5193579e+01  -6.3738254e-04
   2.1086111e+01  -7.6555005e+01   4.1902225e+01  -7.4900805e+01   7.3848384e+01  -7.1655318e+01   1.0657319e+02  -6.6566902e+01   1.1632523e+02  -6.5193579e+01  -7.1206147e-04
   2.1086111e+01  -7.6555005e+01   4.1902225e+01  -7.4900805e+01   7.3848384e+01  -7.1655318e+01   1.0640656e+02  -6.6561658e+01   1.1633071e+02  -6.5296341e+01  -2.2326203e-04
   2.1085428e+01  -7.6455128e+01   4.1901279e+01  -7.4804131e+01   7.3848384e+01  -7.1655318e+01   1.0657836e+02  -6.6669742e+01   1.1633071e+02  -6.5296341e+01  -9.8189150e-05
   2.1086111e+01  -7.6555005e+01   4.1902225e+01  -7.4900805e+01   7.3967117e+01  -7.1771685e+01   1.0640430e+02  -6.6464213e+01   1.1631711e+02  -6.5296736e+01   4.7483145e-04
   2.1086111e+01  -7.6555005e+01   4.1902225e+01  -7.4900805e+01   7.3848384e+01  -7.1655318e+01   1.0655502e+02  -6.6775811e+01   1.1632523e+02  -6.5193579e+01   2.0724795e-03
   2.1086111e+01  -7.6555005e+01   4.1902225e+01  -7.4900805e+01   7.3848384e+01  -7.1655318e+01   1.0657836e+02  -6.6669742e+01   1.1632523e+02  -6.5193579e+01  -3.2677467e-04
   2.1086111e+01  -7.6555005e+01   4.1902225e+01  -7.4900805e+01   7.3848384e+01  -7.1655318e+01   1.0657115e+02  -6.6469643e+01   1.1631479e+02  -6.5199372e+01   1.9591121e-04
   2.1086111e+01  -7.6555005e+01   4.1901279e+01  -7.4804131e+01   7.3844633e+01  -7.1552415e+01   1.0654060e+02  -6.6374996e+01   1.1630964e+02  -6.4793695e+01   3.3395315e-03
   2.1086111e+01  -7.6555005e+01   4.1901279e+01  -7.4804131e+01   7.3764155e+01  -7.1467434e+01   1.0635625e+02  -6.5964396e+01   1.1609789e+02  -6.4391059e+01   6.0861458e-03
   2.1085428e+01  -7.6455128e+01   4.1899235e+01  -7.4702156e+01   7.3639251e+01  -7.1053460e+01   1.0631618e+02  -6.5571364e+01   1.1607158e+02  -6.3995350e+01   9.6317964e-03
   2.1086111e+01  -7.6555005e+01   4.1775285e+01  -7.4925979e+01   7.3752498e+01  -7.0968071e+01   1.0630179e+02  -6.5170867e+01   1.1586585e+02  -6.3394484e+01   1.9148623e-02
   2.1085428e+01  -7.6455128e+01   4.1898294e+01  -7.4605484e+01   7.3747363e+01  -7.0767319e+01   1.0625846e+02  -6.4770667e+01   1.1583082e+02  -6.2889561e+01   2.4828345e-02
   2.1086111e+01  -7.6555005e+01   4.1898294e+01  -7.4605484e+01   7.3544482e+01  -7.0463311e+01   1.0607035e+02  -6.4167817e+01   1.1579866e+02  -6.2388478e+01   3.1900015e-02
   2.1053075e+01  -7.6335696e+01   4.1898294e+01  -7.4605484e+01   7.3661512e+01  -7.0480009e+01   1.0603190e+02  -6.3869296e+01   1.1578087e+02  -6.1890787e+01   3.9234550e-02
   2.1053075e+01  -7.6335696e+01   4.1769329e+01  -7.4528064e+01   7.3532869e+01  -6.9964243e+01   1.0601036e+02  -6.3268332e+01   1.1555853e+02  -6.1190173e+01   4.3946922e-02
   2.1085428e+01  -7.6455128e+01   4.1769329e+01  -7.4528064e+01   7.3523989e+01  -6.9660751e+01   1.0578794e+02  -6.2562576e+01   1.1533356e+02  -6.0485058e+01   4.6540867e-02
   2.1085428e+01  -7.6455128e+01   4.1769329e+01  -7.4528064e+01   7.3518867e+01  -6.9460177e+01   1.0578077e+02  -6.2362403e+01   1.1532028e+02  -6.0182404e+01   5.2694427e-02
   2.1085428e+01  -7.6455128e+01   4.1767282e+01  -7.4425974e+01   7.3395791e+01  -6.9147334e+01   1.0556367e+02  -6.1759893e+01   1.1528748e+02  -5.9677324e+01   5.8064132e-02
   2.1085428e+01  -7.6455128e+01   4.1766351e+01  -7.4329146e+01   7.3314731e+01  -6.9058786e+01   1.0538407e+02  -6.1362623e+01   1.1508521e+02  -5.9180549e+01   6.2408693e-02
   2.1086111e+01  -7.6555005e+01   4.1764300e+01  -7.4227081e+01   7.3304514e+01  -6.8657821e+01   1.0550827e+02  -6.0959650e+01   1.1504438e+02  -5.8474266e+01   6.4783342e-02
   2.1086111e+01  -7.6555005e+01   4.1764300e+01  -7.4227081e+01   7.3221866e+01  -6.8470569e+01   1.0531618e+02  -6.0260650e+01   1.1482464e+02  -5.7871864e+01   7.1412639e-02
   2.1085428e+01  -7.6455128e+01   4.1763373e+01  -7.4130255e+01   7.3218104e+01  -6.8367670e+01   1.0510837e+02  -5.9956081e+01   1.1481477e+02  -5.7574745e+01   6.9679142e-02
   2.1086111e+01  -7.6555005e+01   4.1761317e+01  -7.4028214e+01   7.3095366e+01  -6.8056261e+01   1.0506151e+02  -5.9451424e+01   1.1458959e+02  -5.6870130e+01   7.3810791e-02
   2.1085428e+01  -7.6455128e+01   4.1761317e+01  -7.4028214e+01   7.3090272e+01  -6.7855896e+01   1.0488260e+02  -5.9057741e+01   1.1439422e+02  -5.6481127e+01   7.8601718e-02
   2.1086111e+01  -7.6555005e+01   4.1761317e+01  -7.4028214e+01   7.3083848e+01  -6.7557900e+01   1.0483546e+02  -5.8552004e+01   1.1434166e+02  -5.5860662e+01   8.2121825e-02
   2.1053754e+01  -7.6435420e+01   4.1761317e+01  -7.4028214e+01   7.3078757e+01  -6.7357594e+01   1.0479721e+02  -5.8342529e+01   1.1414858e+02  -5.5569996e+01   8.3948001e-02
   2.1086111e+01  -7.6555005e+01   4.1761317e+01  -7.4028214e+01   7.3074992e+01  -6.7254957e+01   1.0464654e+02  -5.7955013e+01   1.1412406e+02  -5.5355763e+01   8.8708473e-02
   2.1086111e+01  -7.6555005e+01   4.1758336e+01  -7.3829374e+01   7.2871061e+01  -6.6854168e+01   1.0460075e+02  -5.7544906e+01   1.1390447e+02  -5.4753885e+01   8.8137527e-02
   2.1085428e+01  -7.6455128e+01   4.1631967e+01  -7.3949832e+01   7.2988307e+01  -6.6962905e+01   1.0456578e+02  -5.7339691e+01   1.1389472e+02  -5.4456916e+01   9.2437378e-02
   2.1086111e+01  -7.6555005e+01   4.1692422e+01  -7.3711119e+01   7.2864667e+01  -6.6556337e+01   1.0438046e+02  -5.6749513e+01   1.1367526e+02  -5.3855442e+01   9.6016544e-02
   2.1053754e+01  -7.6435420e+01   4.1628992e+01  -7.3750694e+01   7.2779016e+01  -6.6361101e+01   1.0416377e+02  -5.6148566e+01   1.1344825e+02  -5.3054669e+01   9.5547540e-02
   2.1086111e+01  -7.6555005e+01   4.1628992e+01  -7.3750694e+01   7.2773939e+01  -6.6160646e+01   1.0411752e+02  -5.5735876e+01   1.1342273e+02  -5.2836651e+01   1.0085812e-01
   2.1053754e+01  -7.6435420e+01   4.1754442e+01  -7.3533738e+01   7.2768862e+01  -6.5960217e+01   1.0391477e+02  -5.5534133e+01   1.1322339e+02  -5.2351422e+01   1.0626715e-01
   2.1086111e+01  -7.6555005e+01   4.1563181e+01  -7.3632384e+01   7.2650688e+01  -6.5755511e+01   1.0390588e+02  -5.5237015e+01   1.1320116e+02  -5.2137812e+01   1.0801003e-01
   2.1085428e+01  -7.6455128e+01   4.1562271e+01  -7.3535561e+01   7.2564745e+01  -6.5559168e+01   1.0372546e+02  -5.4845131e+01   1.1298934e+02  -5.1736175e+01   1.1034853e-01
   2.1085428e+01  -7.6455128e+01   4.1752373e+01  -7.3431772e+01   7.2563447e+01  -6.5461425e+01   1.0351431e+02  -5.4347380e+01   1.1278520e+02  -5.1150727e+01   1.1109616e-01
   2.1242219e+01  -7.6432136e+01   4.1626017e+01  -7.3551581e+01   7.2559682e+01  -6.5358818e+01   1.0350907e+02  -5.4245061e+01   1.1276436e+02  -5.1032577e+01   1.1180313e-01
   2.1086111e+01  -7.6555005e+01   4.1626017e+01  -7.3551581e+01   7.2472191e+01  -6.5063756e+01   1.0325761e+02  -5.3531462e+01   1.1253161e+02  -5.0129618e+01   1.1486564e-01
   2.1118567e+01  -7.6674952e+01   4.1559308e+01  -7.3336769e+01   7.2350584e+01  -6.4757666e+01   1.0307658e+02  -5.3045746e+01   1.1231838e+02  -4.9631860e+01   1.1980940e-01
   2.1053754e+01  -7.6435420e+01   4.1623043e+01  -7.3352496e+01   7.2345535e+01  -6.4557420e+01   1.0303234e+02  -5.2634448e+01   1.1210498e+02  -4.9134037e+01   1.2538112e-01
   2.1086111e+01  -7.6555005e+01   4.1559308e+01  -7.3336769e+01   7.2267860e+01  -6.4662341e+01   1.0300180e+02  -5.2621205e+01   1.1209742e+02  -4.8934712e+01   1.2706732e-01
   2.1053754e+01  -7.6435420e+01   4.1557245e+01  -7.3234823e+01   7.2224337e+01  -6.4252690e+01   1.0281772e+02  -5.2131547e+01   1.1188207e+02  -4.8528592e+01   1.2509429e-01
   2.1086111e+01  -7.6555005e+01   4.1749392e+01  -7.3233011e+01   7.2257765e+01  -6.4261277e+01   1.0281072e+02  -5.1932163e+01   1.1187452e+02  -4.8329354e+01   1.2857190e-01
   2.1085428e+01  -7.6455128e+01   4.1622141e+01  -7.3255518e+01   7.2137751e+01  -6.4053948e+01   1.0260143e+02  -5.1531788e+01   1.1166159e+02  -4.7832290e+01   1.3217279e-01
   2.1085428e+01  -7.6455128e+01   4.1556345e+01  -7.3138003e+01   7.2053516e+01  -6.3860083e+01   1.0239047e+02  -5.1034501e+01   1.1142765e+02  -4.7308370e+01   1.3533685e-01
   2.1086111e+01  -7.6555005e+01   4.1554278e+01  -7.3036082e+01   7.1931375e+01  -6.3458432e+01   1.0231044e+02  -5.0598769e+01   1.1121434e+02  -4.6810692e+01   1.3771429e-01
   2.1208984e+01  -7.6213356e+01   4.1554278e+01  -7.3036082e+01   7.1923799e+01  -6.3253284e+01   1.0196008e+02  -4.9933236e+01   1.1098986e+02  -4.6108732e+01   1.4327613e-01
   2.1086111e+01  -7.6555005e+01   4.1553382e+01  -7.2939264e+01   7.1839283e+01  -6.3058257e+01   1.0175109e+02  -4.9533513e+01   1.1077270e+02  -4.5606063e+01   1.4547826e-01
   2.1086111e+01  -7.6555005e+01   4.1617095e+01  -7.2954403e+01   7.1912554e+01  -6.2755908e+01   1.0190910e+02  -4.9415142e+01   1.1076362e+02  -4.5310208e+01   1.5142030e-01
   2.1086111e+01  -7.6555005e+01   4.1551311e+01  -7.2837367e+01   7.1713774e+01  -6.2555702e+01   1.0149757e+02  -4.8814139e+01   1.1052844e+02  -4.4782664e+01   1.5148912e-01
   2.1209673e+01  -7.6312921e+01   4.1550420e+01  -7.2740551e+01   7.1708767e+01  -6.2355744e+01   1.0145117e+02  -4.8396215e+01   1.1031525e+02  -4.4285193e+01   1.5524685e-01
   2.1086111e+01  -7.6555005e+01   4.1548344e+01  -7.2638679e+01   7.1625161e+01  -6.2256862e+01   1.0123798e+02  -4.7990430e+01   1.0992103e+02  -4.3807732e+01   1.6068088e-01
   2.1086111e+01  -7.6555005e+01   4.1550420e+01  -7.2740551e+01   7.1505035e+01  -6.1955695e+01   1.0106703e+02  -4.7712881e+01   1.0988709e+02  -4.3382655e+01   1.6265326e-01
   2.1053754e+01  -7.6435420e+01   4.1548344e+01  -7.2638679e+01   7.1500041e+01  -6.1755816e+01   1.0086185e+02  -4.7318552e+01   1.0965063e+02  -4.2852173e+01   1.6533594e-01
   2.1086111e+01  -7.6555005e+01   4.1548344e+01  -7.2638679e+01   7.1416141e+01  -6.1656049e+01   1.0064086e+02  -4.6618102e+01   1.0945006e+02  -4.2184888e+01   1.6939088e-01
   2.1086111e+01  -7.6555005e+01   4.1545377e+01  -7.2440017e+01   7.1411150e+01  -6.1455897e+01   1.0062855e+02  -4.6316971e+01   1.0924060e+02  -4.1882025e+01   1.7580267e-01
   2.1086111e+01  -7.6555005e+01   4.1545377e+01  -7.2440017e+01   7.1287589e+01  -6.1053623e+01   1.0038730e+02  -4.5991562e+01   1.0902970e+02  -4.1482592e+01   1.7888974e-01
   2.1086111e+01  -7.6555005e+01   4.1545377e+01  -7.2440017e+01   7.1203394e+01  -6.0952826e+01   1.0017141e+02  -4.5392793e+01   1.0861403e+02  -4.0786279e+01   1.8222008e-01
   2.1086111e+01  -7.6555005e+01   4.1545377e+01  -7.2440017e+01   7.1008278e+01  -6.0855231e+01   9.9969288e+01  -4.5192346e+01   1.0858718e+02  -4.0652574e+01   1.8662933e-01
   2.1086111e+01  -7.6555005e+01   4.1544496e+01  -7.2343205e+01   7.0999509e+01  -6.0552567e+01   9.9760390e+01  -4.4792937e+01   1.0836885e+02  -4.0053946e+01   1.8840225e-01
   2.1086111e+01  -7.6555005e+01   4.1542411e+01  -7.2241381e+01   7.0998350e+01  -6.0455163e+01   9.9718672e+01  -4.4568802e+01   1.0815941e+02  -3.9751244e+01   1.9126274e-01
   2.1085428e+01  -7.6455128e+01   4.1542411e+01  -7.2241381e+01   7.0880467e+01  -6.0254392e+01   9.9550180e+01  -4.4296893e+01   1.0797634e+02  -3.9487501e+01   1.9380244e-01
   2.1085428e+01  -7.6455128e+01   4.1542411e+01  -7.2241381e+01   7.0909796e+01  -6.0250583e+01   9.9348219e+01  -4.4096652e+01   1.0794714e+02  -3.9255216e+01   1.9703581e-01
   2.1086111e+01  -7.6555005e+01   4.1542411e+01  -7.2241381e+01   7.0709485e+01  -5.9952605e+01   9.9132749e+01  -4.3498775e+01   1.0752573e+02  -3.8457037e+01   2.0105368e-01
   2.1118567e+01  -7.6674952e+01   4.1476855e+01  -7.2125660e+01   7.0590762e+01  -5.9655015e+01   9.8911963e+01  -4.2799144e+01   1.0728639e+02  -3.7920301e+01   2.0490309e-01
   2.1086111e+01  -7.6555005e+01   4.1539445e+01  -7.2042772e+01   7.0585825e+01  -5.9455125e+01   9.8710190e+01  -4.2599182e+01   1.0709874e+02  -3.7557403e+01   2.1071536e-01
   2.1053754e+01  -7.6435420e+01   4.1539445e+01  -7.2042772e+01   7.0501625e+01  -5.9449341e+01   9.8668354e+01  -4.2468804e+01   1.0689557e+02  -3.7357407e+01   2.1548808e-01
   2.1086111e+01  -7.6555005e+01   4.1539445e+01  -7.2042772e+01   7.0496688e+01  -5.9249172e+01   9.8501723e+01  -4.2200623e+01   1.0688103e+02  -3.6960280e+01   2.1548235e-01
   2.1117881e+01  -7.6574922e+01   4.1539445e+01  -7.2042772e+01   7.0383260e+01  -5.9152638e+01   9.8500387e+01  -4.2103957e+01   1.0671337e+02  -3.7001481e+01   2.2058808e-01
   2.1085428e+01  -7.6455128e+01   4.1473895e+01  -7.1927368e+01   7.0500486e+01  -5.9351813e+01   9.8501723e+01  -4.2200623e+01   1.0688830e+02  -3.7158831e+01   2.1892396e-01
   2.1086111e+01  -7.6555005e+01   4.1539445e+01  -7.2042772e+01   7.0582027e+01  -5.9352629e+01   9.8668354e+01  -4.2468804e+01   1.0689557e+02  -3.7357407e+01   2.1326175e-01
   2.1086111e+01  -7.6555005e+01   4.1473895e+01  -7.1927368e+01   7.0586966e+01  -5.9552499e+01   9.8917375e+01  -4.2901170e+01   1.0731348e+02  -3.7961308e+01   2.1241432e-01
   2.1085428e+01  -7.6455128e+01   4.1542411e+01  -7.2241381e+01   7.0709485e+01  -5.9952605e+01   9.8966906e+01  -4.3325748e+01   1.0754822e+02  -3.8491969e+01   1.9932156e-01
   2.1086111e+01  -7.6555005e+01   4.1542411e+01  -7.2241381e+01   7.0790727e+01  -5.9952475e+01   9.9336010e+01  -4.3795650e+01   1.0775858e+02  -3.8890379e+01   1.8938642e-01
   2.1053754e+01  -7.6435420e+01   4.1476855e+01  -7.2125660e+01   7.0795680e+01  -6.0152424e+01   9.9376828e+01  -4.3923914e+01   1.0779245e+02  -3.9128238e+01   1.7892574e-01
   2.1086111e+01  -7.6555005e+01   4.1542411e+01  -7.2241381e+01   7.0879313e+01  -6.0157153e+01   9.9417530e+01  -4.4051795e+01   1.0797490e+02  -3.9390936e+01   1.7937296e-01
   2.1086111e+01  -7.6555005e+01   4.1544496e+01  -7.2343205e+01   7.1002103e+01  -6.0557456e+01   9.9799214e+01  -4.4823118e+01   1.0821843e+02  -4.0026106e+01   1.7559504e-01
   2.1086111e+01  -7.6555005e+01   4.1545377e+01  -7.2440017e+01   7.1084000e+01  -6.0653950e+01   1.0000920e+02  -4.5318590e+01   1.0845156e+02  -4.0552771e+01   1.6738442e-01
   2.1086111e+01  -7.6555005e+01   4.1545377e+01  -7.2440017e+01   7.1092771e+01  -6.0956170e+01   1.0025054e+02  -4.5644341e+01   1.0884536e+02  -4.1216176e+01   1.5947881e-01
   2.1086111e+01  -7.6555005e+01   4.1547458e+01  -7.2541865e+01   7.1292570e+01  -6.1253403e+01   1.0029676e+02  -4.5967770e+01   1.0905588e+02  -4.1614898e+01   1.5395908e-01
   2.1053075e+01  -7.6335696e+01   4.1545377e+01  -7.2440017e+01   7.1292570e+01  -6.1253403e+01   1.0046581e+02  -4.6241373e+01   1.0908787e+02  -4.1848733e+01   1.5076031e-01
   2.1085428e+01  -7.6455128e+01   4.1548344e+01  -7.2638679e+01   7.1301358e+01  -6.1555762e+01   1.0067813e+02  -4.6645288e+01   1.0929817e+02  -4.2247058e+01   1.4567404e-01
   2.1086111e+01  -7.6555005e+01   4.1548344e+01  -7.2638679e+01   7.1385301e+01  -6.1655521e+01   1.0088834e+02  -4.7140929e+01   1.0951595e+02  -4.2843960e+01   1.4421638e-01
   2.1053754e+01  -7.6435420e+01   4.1550420e+01  -7.2740551e+01   7.1505035e+01  -6.1955695e+01   1.0094058e+02  -4.7660869e+01   1.0974411e+02  -4.3173791e+01   1.3710367e-01
   2.1086111e+01  -7.6555005e+01   4.1548344e+01  -7.2638679e+01   7.1588682e+01  -6.2054869e+01   1.0113663e+02  -4.7758841e+01   1.0993693e+02  -4.3641418e+01   1.3217021e-01
   2.1086111e+01  -7.6555005e+01   4.1548344e+01  -7.2638679e+01   7.1588682e+01  -6.2054869e+01   1.0114730e+02  -4.7962640e+01   1.0996176e+02  -4.3770224e+01   1.3002433e-01
   2.1085428e+01  -7.6455128e+01   4.1550420e+01  -7.2740551e+01   7.1593677e+01  -6.2254477e+01   1.0135574e+02  -4.8361253e+01   1.1017770e+02  -4.4270351e+01   1.2770886e-01
   2.1085428e+01  -7.6455128e+01   4.1677552e+01  -7.2718899e+01   7.1714968e+01  -6.2653013e+01   1.0157284e+02  -4.9055418e+01   1.1041405e+02  -4.4892495e+01   1.2395054e-01
   2.1086111e+01  -7.6555005e+01   4.1551311e+01  -7.2837367e+01   7.1718781e+01  -6.2755685e+01   1.0161032e+02  -4.9175522e+01   1.1060037e+02  -4.5164202e+01   1.1756909e-01
   2.1086111e+01  -7.6555005e+01   4.1551311e+01  -7.2837367e+01   7.1803334e+01  -6.2950843e+01   1.0181318e+02  -4.9471889e+01   1.1063326e+02  -4.5585091e+01   1.1566274e-01
   2.1085428e+01  -7.6455128e+01   4.1680525e+01  -7.2917291e+01   7.1923799e+01  -6.3253284e+01   1.0199706e+02  -5.0052254e+01   1.1102717e+02  -4.6063938e+01   1.1414419e-01
   2.1117881e+01  -7.6574922e+01   4.1680525e+01  -7.2917291e+01   7.2010677e+01  -6.3453127e+01   1.0241465e+02  -5.0850953e+01   1.1127581e+02  -4.6984458e+01   1.0997981e-01
   2.1086111e+01  -7.6555005e+01   4.1556345e+01  -7.3138003e+01   7.2132714e+01  -6.3853801e+01   1.0245789e+02  -5.1167107e+01   1.1148230e+02  -4.7377795e+01   1.0413477e-01
   2.1085428e+01  -7.6455128e+01   4.1556345e+01  -7.3138003e+01   7.2137751e+01  -6.4053948e+01   1.0250102e+02  -5.1482357e+01   1.1170630e+02  -4.8077476e+01   1.0042402e-01
   2.1086111e+01  -7.6555005e+01   4.1683499e+01  -7.3115708e+01   7.2220519e+01  -6.4150021e+01   1.0271088e+02  -5.1977239e+01   1.1191247e+02  -4.8470645e+01   9.7313917e-02
   2.1086111e+01  -7.6555005e+01   4.1557245e+01  -7.3234823e+01   7.2229374e+01  -6.4452585e+01   1.0289070e+02  -5.2459419e+01   1.1213334e+02  -4.8978017e+01   9.4157849e-02
   2.1085428e+01  -7.6455128e+01   4.1559308e+01  -7.3336769e+01   7.2350584e+01  -6.4757666e+01   1.0310318e+02  -5.2864340e+01   1.1235173e+02  -4.9576308e+01   8.9145576e-02
   2.1086111e+01  -7.6555005e+01   4.1559308e+01  -7.3336769e+01   7.2433058e+01  -6.4852710e+01   1.0314721e+02  -5.3274081e+01   1.1238260e+02  -4.9991329e+01   8.7920092e-02
   2.1053754e+01  -7.6435420e+01   4.1752373e+01  -7.3431772e+01   7.2520334e+01  -6.5147150e+01   1.0353680e+02  -5.4158592e+01   1.1260840e+02  -5.0787787e+01   8.4337169e-02
   2.1086111e+01  -7.6555005e+01   4.1560213e+01  -7.3433590e+01   7.2443159e+01  -6.5252683e+01   1.0353680e+02  -5.4158592e+01   1.1279079e+02  -5.0870548e+01   7.8146547e-02
   2.1086111e+01  -7.6555005e+01   4.1560213e+01  -7.3433590e+01   7.2446918e+01  -6.5355127e+01   1.0371137e+02  -5.4446267e+01   1.1279839e+02  -5.1069526e+01   7.7896295e-02
   2.1086111e+01  -7.6555005e+01   4.1626017e+01  -7.3551581e+01   7.2529144e+01  -6.5449152e+01   1.0375288e+02  -5.4757711e+01   1.1301512e+02  -5.1571926e+01   7.9661329e-02
   2.1085428e+01  -7.6455128e+01   4.1562271e+01  -7.3535561e+01   7.2646925e+01  -6.5653029e+01   1.0375992e+02  -5.4956863e+01   1.1303755e+02  -5.1785666e+01   7.4440027e-02
   2.1085428e+01  -7.6455128e+01   4.1688537e+01  -7.3415958e+01   7.2651990e+01  -6.5853106e+01   1.0379951e+02  -5.5170343e+01   1.1305276e+02  -5.2183280e+01   7.5456473e-02
   2.1085428e+01  -7.6455128e+01   4.1689447e+01  -7.3512622e+01   7.2730101e+01  -6.5843707e+01   1.0383718e+02  -5.5474314e+01   1.1307488e+02  -5.2395565e+01   7.6197111e-02
   2.1085428e+01  -7.6455128e+01   4.1689447e+01  -7.3512622e+01   7.2779016e+01  -6.6361101e+01   1.0402244e+02  -5.5967985e+01   1.1348029e+02  -5.3085470e+01   6.9313101e-02
   2.1086111e+01  -7.6555005e+01   4.1565234e+01  -7.3734379e+01   7.2860903e+01  -6.6453777e+01   1.0423844e+02  -5.6567000e+01   1.1368716e+02  -5.3769964e+01   6.6302854e-02
   2.1086111e+01  -7.6555005e+01   4.1758336e+01  -7.3829374e+01   7.2865982e+01  -6.6653960e+01   1.0424550e+02  -5.6766090e+01   1.1370666e+02  -5.3883819e+01   6.4664928e-02
   2.1053754e+01  -7.6435420e+01   4.1692422e+01  -7.3711119e+01   7.2871061e+01  -6.6854168e+01   1.0446160e+02  -5.7365462e+01   1.1392756e+02  -5.4580353e+01   6.2095285e-02
   2.1086111e+01  -7.6555005e+01   4.1566150e+01  -7.3831203e+01   7.2952704e+01  -6.6945976e+01   1.0449681e+02  -5.7569993e+01   1.1395437e+02  -5.4891752e+01   5.8933434e-02
   2.1086111e+01  -7.6555005e+01   4.1694477e+01  -7.3812974e+01   7.2957784e+01  -6.7145912e+01   1.0450910e+02  -5.7871050e+01   1.1397904e+02  -5.5105658e+01   5.7116538e-02
   2.1086111e+01  -7.6555005e+01   4.1694477e+01  -7.3812974e+01   7.3083848e+01  -6.7557900e+01   1.0489910e+02  -5.8667098e+01   1.1437647e+02  -5.5985080e+01   5.5291442e-02
   2.1086111e+01  -7.6555005e+01   4.1695397e+01  -7.3909642e+01   7.3090272e+01  -6.7855896e+01   1.0491732e+02  -5.9260214e+01   1.1442564e+02  -5.6598202e+01   4.8929886e-02
   2.1053754e+01  -7.6435420e+01   4.1697448e+01  -7.4011522e+01   7.3095366e+01  -6.8056261e+01   1.0511953e+02  -5.9461710e+01   1.1442810e+02  -5.6989202e+01   4.6082475e-02
   2.1053754e+01  -7.6435420e+01   4.1698373e+01  -7.4108191e+01   7.3172898e+01  -6.8043380e+01   1.0512833e+02  -5.9757929e+01   1.1462792e+02  -5.7185131e+01   4.5041421e-02
   2.1053754e+01  -7.6435420e+01   4.1764300e+01  -7.4227081e+01   7.3298063e+01  -6.8359693e+01   1.0517141e+02  -6.0067142e+01   1.1484043e+02  -5.7882699e+01   4.6090013e-02
   2.1086111e+01  -7.6555005e+01   4.1764300e+01  -7.4227081e+01   7.3186910e+01  -6.8546502e+01   1.0535915e+02  -6.0757849e+01   1.1486819e+02  -5.8286720e+01   4.0546626e-02
   2.1086111e+01  -7.6555005e+01   4.1764300e+01  -7.4227081e+01   7.3313380e+01  -6.8961083e+01   1.0540384e+02  -6.1162741e+01   1.1509288e+02  -5.8989932e+01   3.6278578e-02
   2.1086111e+01  -7.6555005e+01   4.1701348e+01  -7.4306766e+01   7.3319839e+01  -6.9259309e+01   1.0559362e+02  -6.1764248e+01   1.1512585e+02  -5.9494291e+01   3.4734960e-02
   2.1053754e+01  -7.6435420e+01   4.1767282e+01  -7.4425974e+01   7.3399547e+01  -6.9250002e+01   1.0562738e+02  -6.1962628e+01   1.1532759e+02  -5.9990141e+01   3.1755954e-02
   2.1053754e+01  -7.6435420e+01   4.1769329e+01  -7.4528064e+01   7.3404655e+01  -6.9450245e+01   1.0581757e+02  -6.2565721e+01   1.1534307e+02  -6.0389368e+01   2.6981639e-02
   2.1086111e+01  -7.6555005e+01   4.1767282e+01  -7.4425974e+01   7.3527749e+01  -6.9763623e+01   1.0582670e+02  -6.2862828e+01   1.1536801e+02  -6.0692678e+01   2.4781425e-02
   2.1086111e+01  -7.6555005e+01   4.1769329e+01  -7.4528064e+01   7.3534235e+01  -7.0061979e+01   1.0604362e+02  -6.3464909e+01   1.1558020e+02  -6.1487700e+01   2.2698558e-02
   2.1086111e+01  -7.6555005e+01   4.1770265e+01  -7.4624894e+01   7.3618758e+01  -7.0251809e+01   1.0608718e+02  -6.3866140e+01   1.1580525e+02  -6.2192586e+01   1.8976299e-02
   2.1086111e+01  -7.6555005e+01   4.1772307e+01  -7.4727008e+01   7.3548234e+01  -7.0566262e+01   1.0609634e+02  -6.4163029e+01   1.1582183e+02  -6.2293928e+01   1.3711521e-02
   2.1086111e+01  -7.6555005e+01   4.1772307e+01  -7.4727008e+01   7.3629004e+01  -7.0652582e+01   1.0628741e+02  -6.4770472e+01   1.1584512e+02  -6.2892807e+01   1.1014206e-02
   2.1086111e+01  -7.6555005e+01   4.1899235e+01  -7.4702156e+01   7.3634127e+01  -7.0853008e+01   1.0630179e+02  -6.5170867e+01   1.1605899e+02  -6.3392079e+01   9.5908110e-03
   2.1242219e+01  -7.6432136e+01   4.1899235e+01  -7.4702156e+01   7.3639251e+01  -7.1053460e+01   1.0633985e+02  -6.5467211e+01   1.1608004e+02  -6.3894258e+01   3.9493774e-03
   2.1085428e+01  -7.6455128e+01   4.1775285e+01  -7.4925979e+01   7.3762769e+01  -7.1369653e+01   1.0652619e+02  -6.5974284e+01   1.1609559e+02  -6.4293902e+01   3.7126131e-03
   2.1242219e+01  -7.6432136e+01   4.1901279e+01  -7.4804131e+01   7.3764155e+01  -7.1467434e+01   1.0652619e+02  -6.5974284e+01   1.1628361e+02  -6.4398475e+01   4.5786861e-04
