   2.1086111e+01  -7.6555005e+01   4.4846620e+01  -7.4699153e+01   7.6653532e+01  -7.2347123e+01   1.0957308e+02  -7.1167140e+01   1.1932707e+02  -7.0496837e+01  -1.7851792e-04
   2.1086111e+01  -7.6555005e+01   4.4847588e+01  -7.4795967e+01   7.6776655e+01  -7.2464445e+01   1.0954700e+02  -7.1079706e+01   1.1950793e+02  -7.0521871e+01   1.1074565e-03
   2.1085428e+01  -7.6455128e+01   4.4847588e+01  -7.4795967e+01   7.6648217e+01  -7.2146808e+01   1.0954433e+02  -7.0981894e+01   1.1931242e+02  -7.0310238e+01   3.3024551e-03
   2.1086111e+01  -7.6555005e+01   4.4846620e+01  -7.4699153e+01   7.6646686e+01  -7.2048925e+01   1.0952961e+02  -7.0582284e+01   1.1929317e+02  -6.9813283e+01   5.7650496e-03
   2.1086111e+01  -7.6555005e+01   4.4846620e+01  -7.4699153e+01   7.6641373e+01  -7.1848643e+01   1.0933893e+02  -7.0069439e+01   1.1927731e+02  -6.9414454e+01   9.1083339e-03
   2.1086111e+01  -7.6555005e+01   4.4844397e+01  -7.4597110e+01   7.6636061e+01  -7.1648387e+01   1.0932424e+02  -6.9670678e+01   1.1926144e+02  -6.9015724e+01   1.4866894e-02
   2.1117881e+01  -7.6574922e+01   4.4843433e+01  -7.4500298e+01   7.6630749e+01  -7.1448157e+01   1.0931090e+02  -6.9275179e+01   1.1923801e+02  -6.8420269e+01   1.7778705e-02
   2.1118567e+01  -7.6674952e+01   4.4843433e+01  -7.4500298e+01   7.6626960e+01  -7.1345804e+01   1.0927109e+02  -6.8880345e+01   1.1922024e+02  -6.8015493e+01   2.0155385e-02
   2.1086111e+01  -7.6555005e+01   4.4841206e+01  -7.4398279e+01   7.6549365e+01  -7.1162448e+01   1.0925825e+02  -6.8485142e+01   1.1900980e+02  -6.7410713e+01   2.7233156e-02
   2.1085428e+01  -7.6455128e+01   4.4840247e+01  -7.4301469e+01   7.6421338e+01  -7.0847090e+01   1.0924046e+02  -6.7987866e+01   1.1898304e+02  -6.6922304e+01   2.7921884e-02
   2.1086111e+01  -7.6555005e+01   4.4840247e+01  -7.4301469e+01   7.6462445e+01  -7.0675169e+01   1.0902673e+02  -6.7485363e+01   1.1895498e+02  -6.6224283e+01   3.0447287e-02
   2.1086111e+01  -7.6555005e+01   4.4837061e+01  -7.4102666e+01   7.6455547e+01  -7.0375945e+01   1.0900168e+02  -6.6789131e+01   1.1873227e+02  -6.5526368e+01   3.5995535e-02
   2.1085428e+01  -7.6455128e+01   4.4837061e+01  -7.4102666e+01   7.6329081e+01  -7.0159808e+01   1.0899010e+02  -6.6488801e+01   1.1852583e+02  -6.5023639e+01   4.1440513e-02
   2.1085428e+01  -7.6455128e+01   4.4837061e+01  -7.4102666e+01   7.6319990e+01  -6.9857094e+01   1.0879599e+02  -6.5882454e+01   1.1869168e+02  -6.4528996e+01   4.4064877e-02
   2.1117881e+01  -7.6574922e+01   4.4837061e+01  -7.4102666e+01   7.6190877e+01  -6.9446242e+01   1.0875881e+02  -6.5490391e+01   1.1847384e+02  -6.3933088e+01   4.8227008e-02
   2.1117881e+01  -7.6574922e+01   4.4763099e+01  -7.3785560e+01   7.6185594e+01  -6.9246300e+01   1.0854227e+02  -6.4890709e+01   1.1844582e+02  -6.3236379e+01   4.8950733e-02
   2.1117881e+01  -7.6574922e+01   4.4763099e+01  -7.3785560e+01   7.6105142e+01  -6.9055542e+01   1.0852316e+02  -6.4391421e+01   1.1823487e+02  -6.2836305e+01   5.3916777e-02
   2.1086111e+01  -7.6555005e+01   4.4830689e+01  -7.3705139e+01   7.6099858e+01  -6.8855346e+01   1.0851109e+02  -6.4090884e+01   1.1821735e+02  -6.2435337e+01   5.6186200e-02
   2.1117881e+01  -7.6574922e+01   4.4638698e+01  -7.3706751e+01   7.6098374e+01  -6.8757437e+01   1.0849850e+02  -6.3696950e+01   1.1819042e+02  -6.1941044e+01   6.0518143e-02
   2.1086111e+01  -7.6555005e+01   4.4759921e+01  -7.3587127e+01   7.6089293e+01  -6.8455032e+01   1.0847937e+02  -6.3198032e+01   1.1798002e+02  -6.1343291e+01   5.8868293e-02
   2.1085428e+01  -7.6455128e+01   4.4757682e+01  -7.3485365e+01   7.5965883e+01  -6.8246477e+01   1.0827282e+02  -6.2895357e+01   1.1796430e+02  -6.0946651e+01   6.0592552e-02
   2.1085428e+01  -7.6455128e+01   4.4635526e+01  -7.3508022e+01   7.5956817e+01  -6.7944646e+01   1.0808659e+02  -6.2400874e+01   1.1775489e+02  -6.0550660e+01   6.3654653e-02
   2.1085428e+01  -7.6455128e+01   4.4756743e+01  -7.3388720e+01   7.5955348e+01  -6.7846931e+01   1.0807479e+02  -6.2101502e+01   1.1773790e+02  -6.0150872e+01   6.6592587e-02
   2.1053754e+01  -7.6435420e+01   4.4756743e+01  -7.3388720e+01   7.5874599e+01  -6.7654229e+01   1.0803952e+02  -6.1802243e+01   1.1770859e+02  -5.9649939e+01   6.9054561e-02
   2.1086111e+01  -7.6555005e+01   4.4753565e+01  -7.3190340e+01   7.5747770e+01  -6.7345012e+01   1.0782338e+02  -6.1204169e+01   1.1750070e+02  -5.9060325e+01   7.0922071e-02
   2.1086111e+01  -7.6555005e+01   4.4632354e+01  -7.3309319e+01   7.5741058e+01  -6.7047667e+01   1.0780162e+02  -6.0608626e+01   1.1727767e+02  -5.8362777e+01   7.2611676e-02
   2.1086111e+01  -7.6555005e+01   4.4632354e+01  -7.3309319e+01   7.5665271e+01  -6.7053795e+01   1.0759531e+02  -6.0306593e+01   1.1725840e+02  -5.8154911e+01   7.6449538e-02
   2.1086111e+01  -7.6555005e+01   4.4750388e+01  -7.2991986e+01   7.5730552e+01  -6.6648434e+01   1.0758082e+02  -5.9909778e+01   1.1705167e+02  -5.7568529e+01   8.0397724e-02
   2.1085428e+01  -7.6455128e+01   4.4629183e+01  -7.3110643e+01   7.5650884e+01  -6.6551537e+01   1.0756633e+02  -5.9513064e+01   1.1702426e+02  -5.7161469e+01   7.9595072e-02
   2.1085428e+01  -7.6455128e+01   4.4750388e+01  -7.2991986e+01   7.5649509e+01  -6.6454069e+01   1.0755666e+02  -5.9217695e+01   1.1701370e+02  -5.6866516e+01   8.4071100e-02
   2.1086111e+01  -7.6555005e+01   4.4626937e+01  -7.3008788e+01   7.5642810e+01  -6.6156411e+01   1.0734540e+02  -5.8721660e+01   1.1680014e+02  -5.6370745e+01   8.4764654e-02
   2.1053754e+01  -7.6435420e+01   4.4626937e+01  -7.3008788e+01   7.5517840e+01  -6.5947444e+01   1.0715887e+02  -5.8323785e+01   1.1678250e+02  -5.5970795e+01   8.5320087e-02
   2.1085428e+01  -7.6455128e+01   4.4626937e+01  -7.3008788e+01   7.5440307e+01  -6.5854121e+01   1.0712747e+02  -5.8121043e+01   1.1658450e+02  -5.5586249e+01   8.9797341e-02
   2.1086111e+01  -7.6555005e+01   4.4626011e+01  -7.2911993e+01   7.5435067e+01  -6.5654343e+01   1.0709313e+02  -5.7820008e+01   1.1637147e+02  -5.5091751e+01   9.1364020e-02
   2.1086111e+01  -7.6555005e+01   4.4744956e+01  -7.2691992e+01   7.5429828e+01  -6.5454591e+01   1.0690460e+02  -5.7326557e+01   1.1634344e+02  -5.4681907e+01   9.4081251e-02
   2.1086111e+01  -7.6555005e+01   4.4622840e+01  -7.2713369e+01   7.5302365e+01  -6.5051622e+01   1.0686778e+02  -5.7020580e+01   1.1612542e+02  -5.4086289e+01   9.7595964e-02
   2.1086111e+01  -7.6555005e+01   4.4622840e+01  -7.2713369e+01   7.5225962e+01  -6.5054722e+01   1.0668669e+02  -5.6633599e+01   1.1611258e+02  -5.3787641e+01   9.8502562e-02
   2.1117881e+01  -7.6574922e+01   4.4620587e+01  -7.2611562e+01   7.5220736e+01  -6.4855049e+01   1.0667467e+02  -5.6334617e+01   1.1610482e+02  -5.3590017e+01   9.8914624e-02
   2.1085428e+01  -7.6455128e+01   4.4550163e+01  -7.2495291e+01   7.5216858e+01  -6.4752804e+01   1.0646853e+02  -5.6033359e+01   1.1590539e+02  -5.3205215e+01   1.0089574e-01
   2.1086111e+01  -7.6555005e+01   4.4549248e+01  -7.2398657e+01   7.5142676e+01  -6.4759975e+01   1.0646408e+02  -5.5839985e+01   1.1589203e+02  -5.3095823e+01   1.0210578e-01
   2.1085428e+01  -7.6455128e+01   4.4619670e+01  -7.2514771e+01   7.5016941e+01  -6.4455351e+01   1.0645207e+02  -5.5541164e+01   1.1587145e+02  -5.2599877e+01   1.0233308e-01
   2.1086111e+01  -7.6555005e+01   4.4549248e+01  -7.2398657e+01   7.5011729e+01  -6.4255756e+01   1.0625108e+02  -5.5341361e+01   1.1566914e+02  -5.2400039e+01   1.0542525e-01
   2.1085428e+01  -7.6455128e+01   4.4617412e+01  -7.2412988e+01   7.5006518e+01  -6.4056188e+01   1.0621106e+02  -5.4935878e+01   1.1545370e+02  -5.1809553e+01   1.0630351e-01
   2.1086111e+01  -7.6555005e+01   4.4424588e+01  -7.2317788e+01   7.4928164e+01  -6.3959936e+01   1.0599555e+02  -5.4339968e+01   1.1523614e+02  -5.1215274e+01   1.0915904e-01
   2.1086111e+01  -7.6555005e+01   4.4424588e+01  -7.2317788e+01   7.4919074e+01  -6.3657801e+01   1.0578242e+02  -5.3841175e+01   1.1501383e+02  -5.0520763e+01   1.1095768e-01
   2.1053754e+01  -7.6435420e+01   4.4424588e+01  -7.2317788e+01   7.4793733e+01  -6.3355109e+01   1.0579420e+02  -5.3457465e+01   1.1500101e+02  -5.0222838e+01   1.1376454e-01
   2.1086111e+01  -7.6555005e+01   4.4422337e+01  -7.2216025e+01   7.4792410e+01  -6.3257759e+01   1.0576814e+02  -5.3445492e+01   1.1498365e+02  -5.0104396e+01   1.1762590e-01
   2.1086111e+01  -7.6555005e+01   4.4422337e+01  -7.2216025e+01   7.4713764e+01  -6.3160330e+01   1.0555996e+02  -5.3048003e+01   1.1458940e+02  -4.9627071e+01   1.1746396e-01
   2.1086111e+01  -7.6555005e+01   4.4421431e+01  -7.2119238e+01   7.4707182e+01  -6.2862774e+01   1.0534710e+02  -5.2456861e+01   1.1455846e+02  -4.9117251e+01   1.1950965e-01
   2.1086111e+01  -7.6555005e+01   4.4421431e+01  -7.2119238e+01   7.4504658e+01  -6.2560813e+01   1.0530107e+02  -5.1946126e+01   1.1433798e+02  -4.8426412e+01   1.2255218e-01
   2.1085428e+01  -7.6455128e+01   4.4419176e+01  -7.2017499e+01   7.4380039e+01  -6.2260037e+01   1.0491943e+02  -5.1364531e+01   1.1411880e+02  -4.7829197e+01   1.2952643e-01
   2.1085428e+01  -7.6455128e+01   4.4418274e+01  -7.1920714e+01   7.4374869e+01  -6.2060730e+01   1.0493274e+02  -5.0985503e+01   1.1390622e+02  -4.7428337e+01   1.2924105e-01
   2.1085428e+01  -7.6455128e+01   4.4416015e+01  -7.1818999e+01   7.4295636e+01  -6.1961544e+01   1.0486576e+02  -5.0654778e+01   1.1387501e+02  -4.6915675e+01   1.3210286e-01
   2.1086111e+01  -7.6555005e+01   4.4415118e+01  -7.1722216e+01   7.4166224e+01  -6.1462588e+01   1.0462948e+02  -5.0240185e+01   1.1365951e+02  -4.6325511e+01   1.3301964e-01
   2.1085428e+01  -7.6455128e+01   4.4290985e+01  -7.1737160e+01   7.4085345e+01  -6.1264770e+01   1.0440942e+02  -4.9543835e+01   1.1342560e+02  -4.5703755e+01   1.3727585e-01
   2.1085428e+01  -7.6455128e+01   4.4411962e+01  -7.1523745e+01   7.4076388e+01  -6.0963552e+01   1.0402668e+02  -4.8869262e+01   1.1301839e+02  -4.4839548e+01   1.4196066e-01
   2.1086111e+01  -7.6555005e+01   4.4287830e+01  -7.1538389e+01   7.3877843e+01  -6.0763751e+01   1.0401261e+02  -4.8474332e+01   1.1299330e+02  -4.4612456e+01   1.4693058e-01
   2.1086111e+01  -7.6555005e+01   4.4287830e+01  -7.1538389e+01   7.3868832e+01  -6.0462335e+01   1.0379994e+02  -4.7977080e+01   1.1258940e+02  -4.3846942e+01   1.4825621e-01
   2.1241526e+01  -7.6332419e+01   4.4217835e+01  -7.1423654e+01   7.3670336e+01  -6.0262618e+01   1.0358712e+02  -4.7479787e+01   1.1237462e+02  -4.3350613e+01   1.5254156e-01
   2.1086111e+01  -7.6555005e+01   4.4284676e+01  -7.1339645e+01   7.3588716e+01  -6.0063105e+01   1.0338011e+02  -4.6991183e+01   1.1215206e+02  -4.2931073e+01   1.5559217e-01
   2.1086111e+01  -7.6555005e+01   4.4336464e+01  -7.1109598e+01   7.3583589e+01  -5.9863466e+01   1.0313997e+02  -4.6568627e+01   1.1193226e+02  -4.2241547e+01   1.5584798e-01
   2.1085428e+01  -7.6455128e+01   4.4211541e+01  -7.1026827e+01   7.3456521e+01  -5.9465048e+01   1.0295740e+02  -4.6094567e+01   1.1153806e+02  -4.1769961e+01   1.6166562e-01
   2.1086111e+01  -7.6555005e+01   4.4211541e+01  -7.1026827e+01   7.3455269e+01  -5.9367687e+01   1.0292032e+02  -4.5873998e+01   1.1151148e+02  -4.1446796e+01   1.6552463e-01
   2.1085428e+01  -7.6455128e+01   4.4211541e+01  -7.1026827e+01   7.3255574e+01  -5.9070472e+01   1.0268190e+02  -4.5453361e+01   1.1128181e+02  -4.0923064e+01   1.6470858e-01
   2.1086111e+01  -7.6555005e+01   4.4210664e+01  -7.0930054e+01   7.3170836e+01  -5.8865040e+01   1.0229924e+02  -4.4781975e+01   1.1087883e+02  -4.0160754e+01   1.6927572e-01
   2.1086111e+01  -7.6555005e+01   4.4210664e+01  -7.0930054e+01   7.3047051e+01  -5.8472637e+01   1.0225427e+02  -4.4361774e+01   1.1084591e+02  -3.9734187e+01   1.7472153e-01
   2.1085428e+01  -7.6455128e+01   4.4208395e+01  -7.0828453e+01   7.3039399e+01  -5.8269348e+01   1.0188246e+02  -4.3894065e+01   1.1045621e+02  -3.9178720e+01   1.7479967e-01
   2.1085428e+01  -7.6455128e+01   4.4208395e+01  -7.0828453e+01   7.2839892e+01  -5.7972657e+01   1.0166820e+02  -4.3301444e+01   1.1021832e+02  -3.8548523e+01   1.8185731e-01
   2.1117881e+01  -7.6574922e+01   4.4205249e+01  -7.0630105e+01   7.2754507e+01  -5.7765417e+01   1.0145404e+02  -4.2709093e+01   1.0982171e+02  -3.7890876e+01   1.8679113e-01
   2.1086111e+01  -7.6555005e+01   4.4205249e+01  -7.0630105e+01   7.2632734e+01  -5.7472574e+01   1.0141157e+02  -4.2479020e+01   1.0961856e+02  -3.7597234e+01   1.9274890e-01
   2.1086111e+01  -7.6555005e+01   4.4135502e+01  -7.0516992e+01   7.2632734e+01  -5.7472574e+01   1.0108092e+02  -4.2240607e+01   1.0960739e+02  -3.7396120e+01   1.9290287e-01
   2.1085428e+01  -7.6455128e+01   4.4205249e+01  -7.0630105e+01   7.2632734e+01  -5.7472574e+01   1.0107543e+02  -4.2139658e+01   1.0961899e+02  -3.7236386e+01   1.9516064e-01
   2.1086111e+01  -7.6555005e+01   4.4205249e+01  -7.0630105e+01   7.2634985e+01  -5.7666250e+01   1.0111532e+02  -4.2459354e+01   1.0964599e+02  -3.7562944e+01   1.9481511e-01
   2.1086111e+01  -7.6555005e+01   4.4206209e+01  -7.0726505e+01   7.2793876e+01  -5.7774511e+01   1.0138412e+02  -4.2906732e+01   1.0987925e+02  -3.8185923e+01   1.9172703e-01
   2.1085428e+01  -7.6455128e+01   4.4206209e+01  -7.0726505e+01   7.2918488e+01  -5.8072924e+01   1.0176512e+02  -4.3572668e+01   1.1027771e+02  -3.8937887e+01   1.8616479e-01
   2.1086111e+01  -7.6555005e+01   4.4208395e+01  -7.0828453e+01   7.3040569e+01  -5.8366361e+01   1.0194102e+02  -4.3941036e+01   1.1049243e+02  -3.9432357e+01   1.7307343e-01
   2.1085428e+01  -7.6455128e+01   4.4208395e+01  -7.0828453e+01   7.3041680e+01  -5.8463070e+01   1.0197850e+02  -4.4162643e+01   1.1050961e+02  -3.9464971e+01   1.6720454e-01
   2.1085428e+01  -7.6455128e+01   4.4209359e+01  -7.0924855e+01   7.3203427e+01  -5.8671340e+01   1.0238475e+02  -4.4754387e+01   1.1093509e+02  -4.0180840e+01   1.6595105e-01
   2.1086111e+01  -7.6555005e+01   4.4211541e+01  -7.1026827e+01   7.3330921e+01  -5.9164246e+01   1.0260533e+02  -4.5541319e+01   1.1116489e+02  -4.1065788e+01   1.5952170e-01
   2.1085428e+01  -7.6455128e+01   4.4212510e+01  -7.1123231e+01   7.3412443e+01  -5.9363469e+01   1.0284814e+02  -4.6153997e+01   1.1157423e+02  -4.1844202e+01   1.5174193e-01
   2.1086111e+01  -7.6555005e+01   4.4214688e+01  -7.1225227e+01   7.3539250e+01  -5.9761379e+01   1.0306168e+02  -4.6744250e+01   1.1180331e+02  -4.2541877e+01   1.4374404e-01
   2.1085428e+01  -7.6455128e+01   4.4214688e+01  -7.1225227e+01   7.3741389e+01  -6.0063118e+01   1.0324454e+02  -4.7124430e+01   1.1219627e+02  -4.3010891e+01   1.3762636e-01
   2.1086111e+01  -7.6555005e+01   4.4407509e+01  -7.1320060e+01   7.3817265e+01  -6.0062655e+01   1.0347504e+02  -4.7532763e+01   1.1223429e+02  -4.3355199e+01   1.3138621e-01
   2.1085428e+01  -7.6455128e+01   4.4217835e+01  -7.1423654e+01   7.3828615e+01  -6.0556260e+01   1.0371685e+02  -4.8236205e+01   1.1265140e+02  -4.4329504e+01   1.2943453e-01
   2.1085428e+01  -7.6455128e+01   4.4220982e+01  -7.1622107e+01   7.4031674e+01  -6.0954198e+01   1.0411587e+02  -4.9211536e+01   1.1306983e+02  -4.5391072e+01   1.2470435e-01
   2.1085428e+01  -7.6455128e+01   4.4412855e+01  -7.1620525e+01   7.4229624e+01  -6.1153400e+01   1.0417742e+02  -4.9535317e+01   1.1311068e+02  -4.5828028e+01   1.1723745e-01
   2.1086111e+01  -7.6555005e+01   4.4290985e+01  -7.1737160e+01   7.4164735e+01  -6.1554259e+01   1.0453707e+02  -5.0198431e+01   1.1351348e+02  -4.6405112e+01   1.1292902e-01
   2.1085428e+01  -7.6455128e+01   4.4413838e+01  -7.1716932e+01   7.4248029e+01  -6.1756302e+01   1.0458285e+02  -5.0613880e+01   1.1372854e+02  -4.6900610e+01   1.0927984e-01
   2.1086111e+01  -7.6555005e+01   4.4416015e+01  -7.1818999e+01   7.4448318e+01  -6.2148313e+01   1.0481776e+02  -5.1212064e+01   1.1395896e+02  -4.7793646e+01   1.0555659e-01
   2.1085428e+01  -7.6455128e+01   4.4417003e+01  -7.1915407e+01   7.4457573e+01  -6.2450119e+01   1.0503794e+02  -5.1904928e+01   1.1418235e+02  -4.8485631e+01   1.0288812e-01
   2.1086111e+01  -7.6555005e+01   4.4419176e+01  -7.2017499e+01   7.4660847e+01  -6.2848608e+01   1.0542009e+02  -5.2580604e+01   1.1440558e+02  -4.9177792e+01   9.6364904e-02
   2.1053754e+01  -7.6435420e+01   4.4419176e+01  -7.2017499e+01   7.4664859e+01  -6.2951165e+01   1.0544510e+02  -5.3082882e+01   1.1462745e+02  -4.9775448e+01   9.2724698e-02
   2.1085428e+01  -7.6455128e+01   4.4422337e+01  -7.2216025e+01   7.4671230e+01  -6.3246800e+01   1.0564776e+02  -5.3471952e+01   1.1483739e+02  -5.0264781e+01   8.8576856e-02
   2.1086111e+01  -7.6555005e+01   4.4422337e+01  -7.2216025e+01   7.4874588e+01  -6.3645510e+01   1.0586937e+02  -5.4261693e+01   1.1506160e+02  -5.1052226e+01   8.3808808e-02
   2.1085428e+01  -7.6455128e+01   4.4544824e+01  -7.2195058e+01   7.4880915e+01  -6.3940913e+01   1.0607775e+02  -5.4752512e+01   1.1528910e+02  -5.1751532e+01   8.2189695e-02
   2.1053754e+01  -7.6435420e+01   4.4546995e+01  -7.2297034e+01   7.5082024e+01  -6.4147020e+01   1.0626824e+02  -5.5338158e+01   1.1549496e+02  -5.2235453e+01   7.7841173e-02
   2.1086111e+01  -7.6555005e+01   4.4546995e+01  -7.2297034e+01   7.5088440e+01  -6.4442843e+01   1.0631176e+02  -5.5747450e+01   1.1571674e+02  -5.2834203e+01   7.4526669e-02
   2.1086111e+01  -7.6555005e+01   4.4549248e+01  -7.2398657e+01   7.5097675e+01  -6.4744877e+01   1.0651937e+02  -5.6143966e+01   1.1573372e+02  -5.3322547e+01   7.1101907e-02
   2.1053754e+01  -7.6435420e+01   4.4620587e+01  -7.2611562e+01   7.5291938e+01  -6.4841893e+01   1.0672826e+02  -5.6635756e+01   1.1595248e+02  -5.3729217e+01   6.9619687e-02
   2.1085428e+01  -7.6455128e+01   4.4550163e+01  -7.2495291e+01   7.5298307e+01  -6.5137477e+01   1.0674265e+02  -5.7030459e+01   1.1596898e+02  -5.4216549e+01   6.9733195e-02
   2.1085428e+01  -7.6455128e+01   4.4622840e+01  -7.2713369e+01   7.5306424e+01  -6.5343412e+01   1.0678550e+02  -5.7437097e+01   1.1618326e+02  -5.4901593e+01   6.6057891e-02
   2.1053075e+01  -7.6335696e+01   4.4623762e+01  -7.2810162e+01   7.5389251e+01  -6.5636450e+01   1.0697803e+02  -5.8122109e+01   1.1640045e+02  -5.5494856e+01   5.9205142e-02
   2.1086111e+01  -7.6555005e+01   4.4623762e+01  -7.2810162e+01   7.5515256e+01  -6.5942195e+01   1.0718593e+02  -5.8519373e+01   1.1661129e+02  -5.5986326e+01   5.7558608e-02
   2.1086111e+01  -7.6555005e+01   4.4624773e+01  -7.2906576e+01   7.5521724e+01  -6.6238299e+01   1.0720759e+02  -5.9112231e+01   1.1683514e+02  -5.6682228e+01   5.7147790e-02
   2.1053075e+01  -7.6335696e+01   4.4748137e+01  -7.2890296e+01   7.5599029e+01  -6.6330895e+01   1.0741687e+02  -5.9605056e+01   1.1685209e+02  -5.7171518e+01   5.3235136e-02
   2.1086111e+01  -7.6555005e+01   4.4626937e+01  -7.3008788e+01   7.5725402e+01  -6.6637847e+01   1.0744565e+02  -5.9708794e+01   1.1706181e+02  -5.7568574e+01   5.1986077e-02
   2.1085428e+01  -7.6455128e+01   4.4630113e+01  -7.3207441e+01   7.5734689e+01  -6.6940399e+01   1.0764392e+02  -6.0405332e+01   1.1709169e+02  -5.8262654e+01   4.7471615e-02
   2.1086111e+01  -7.6555005e+01   4.4630113e+01  -7.3207441e+01   7.5811702e+01  -6.7031973e+01   1.0765992e+02  -6.0896669e+01   1.1730292e+02  -5.8755140e+01   4.2759738e-02
   2.1086111e+01  -7.6555005e+01   4.4630113e+01  -7.3207441e+01   7.5818199e+01  -6.7327786e+01   1.0787540e+02  -6.1492761e+01   1.1752069e+02  -5.9350175e+01   4.1284431e-02
   2.1086111e+01  -7.6555005e+01   4.4633289e+01  -7.3406120e+01   7.5944959e+01  -6.7636483e+01   1.0808501e+02  -6.1986435e+01   1.1755135e+02  -5.9943842e+01   4.0926590e-02
   2.1086111e+01  -7.6555005e+01   4.4754500e+01  -7.3286982e+01   7.5954263e+01  -6.7939269e+01   1.0810399e+02  -6.2389606e+01   1.1776684e+02  -6.0545281e+01   3.6807235e-02
   2.1086111e+01  -7.6555005e+01   4.4754500e+01  -7.3286982e+01   7.5959536e+01  -6.8139024e+01   1.0812009e+02  -6.2881558e+01   1.1778426e+02  -6.1036091e+01   3.1936073e-02
   2.1085428e+01  -7.6455128e+01   4.4757682e+01  -7.3485365e+01   7.6158114e+01  -6.8339306e+01   1.0815521e+02  -6.3178464e+01   1.1799588e+02  -6.1529599e+01   3.1813839e-02
   2.1085428e+01  -7.6455128e+01   4.4757682e+01  -7.3485365e+01   7.6041533e+01  -6.8428318e+01   1.0834883e+02  -6.3779308e+01   1.1782917e+02  -6.1928066e+01   2.8187836e-02
   2.1086111e+01  -7.6555005e+01   4.4759921e+01  -7.3587127e+01   7.6169946e+01  -6.8835623e+01   1.0836498e+02  -6.4271685e+01   1.1804843e+02  -6.2618726e+01   2.8882934e-02
   2.1086111e+01  -7.6555005e+01   4.4829475e+01  -7.3699635e+01   7.6301559e+01  -6.9250810e+01   1.0857356e+02  -6.4670851e+01   1.1825344e+02  -6.3115433e+01   2.3126227e-02
   2.1086111e+01  -7.6555005e+01   4.4831635e+01  -7.3801943e+01   7.6188500e+01  -6.9441485e+01   1.0859388e+02  -6.5170340e+01   1.1828170e+02  -6.3716564e+01   2.1212492e-02
   2.1117881e+01  -7.6574922e+01   4.4710332e+01  -7.3922099e+01   7.6188500e+01  -6.9441485e+01   1.0860664e+02  -6.5471159e+01   1.1849007e+02  -6.4019744e+01   1.5482099e-02
   2.1117881e+01  -7.6574922e+01   4.4833875e+01  -7.3903890e+01   7.6193787e+01  -6.9641442e+01   1.0861579e+02  -6.5765839e+01   1.1850184e+02  -6.4409493e+01   1.4766065e-02
   2.1274168e+01  -7.6451841e+01   4.4834825e+01  -7.4000695e+01   7.6271563e+01  -6.9825952e+01   1.0882017e+02  -6.6158247e+01   1.1851715e+02  -6.4696879e+01   1.5201396e-02
   2.1085428e+01  -7.6455128e+01   4.4834825e+01  -7.4000695e+01   7.6399132e+01  -7.0139028e+01   1.0884076e+02  -6.6658576e+01   1.1873611e+02  -6.5403576e+01   1.2031342e-02
   2.1086111e+01  -7.6555005e+01   4.4838015e+01  -7.4199474e+01   7.6403082e+01  -7.0241990e+01   1.0902673e+02  -6.6971787e+01   1.1875589e+02  -6.5806697e+01   5.5546033e-03
   2.1086111e+01  -7.6555005e+01   4.4838015e+01  -7.4199474e+01   7.6525761e+01  -7.0355897e+01   1.0885923e+02  -6.7062514e+01   1.1875589e+02  -6.5806697e+01   3.6267141e-03
   2.1117881e+01  -7.6574922e+01   4.4838015e+01  -7.4199474e+01   7.6408383e+01  -7.0442052e+01   1.0903756e+02  -6.7363250e+01   1.1876592e+02  -6.6101116e+01   3.0342659e-03
   2.1118567e+01  -7.6674952e+01   4.4838015e+01  -7.4199474e+01   7.6413684e+01  -7.0642140e+01   1.0906995e+02  -6.7558796e+01   1.1878173e+02  -6.6497890e+01   4.6487867e-03
   2.1053754e+01  -7.6435420e+01   4.4838015e+01  -7.4199474e+01   7.6413684e+01  -7.0642140e+01   1.0907540e+02  -6.7661319e+01   1.1879730e+02  -6.6598060e+01   2.8871555e-04
   2.1118567e+01  -7.6674952e+01   4.4958935e+01  -7.4079064e+01   7.6484522e+01  -7.0528476e+01   1.0908061e+02  -6.7763510e+01   1.1898240e+02  -6.6603336e+01  -6.7734607e-04
   2.1086111e+01  -7.6555005e+01   4.4838015e+01  -7.4199474e+01   7.6417551e+01  -7.0744791e+01   1.0908273e+02  -6.7860123e+01   1.1879972e+02  -6.6694357e+01   7.3071008e-04
   2.1086111e+01  -7.6555005e+01   4.4838015e+01  -7.4199474e+01   7.6417551e+01  -7.0744791e+01   1.0908794e+02  -6.7962328e+01   1.1899032e+02  -6.6801783e+01   6.0111848e-04
   2.1086111e+01  -7.6555005e+01   4.4838015e+01  -7.4199474e+01   7.6611021e+01  -7.0745325e+01   1.0908794e+02  -6.7962328e+01   1.1899580e+02  -6.6903787e+01  -1.5810585e-04
   2.1085428e+01  -7.6455128e+01   4.4838015e+01  -7.4199474e+01   7.6488390e+01  -7.0630964e+01   1.0908794e+02  -6.7962328e+01   1.1899580e+02  -6.6903787e+01  -1.8219765e-04
   2.1086111e+01  -7.6555005e+01   4.4838015e+01  -7.4199474e+01   7.6418986e+01  -7.0842254e+01   1.0908794e+02  -6.7962328e+01   1.1880520e+02  -6.6796199e+01  -1.1840734e-03
   2.1086111e+01  -7.6555005e+01   4.4840247e+01  -7.4301469e+01   7.6541701e+01  -7.0957135e+01   1.0908794e+02  -6.7962328e+01   1.1899824e+02  -6.7000255e+01   1.4553075e-04
   2.1086111e+01  -7.6555005e+01   4.4838015e+01  -7.4199474e+01   7.6541701e+01  -7.0957135e+01   1.0908794e+02  -6.7962328e+01   1.1881310e+02  -6.6994363e+01  -2.6940438e-03
   2.1117881e+01  -7.6574922e+01   4.4838015e+01  -7.4199474e+01   7.6612460e+01  -7.0842789e+01   1.0908794e+02  -6.7962328e+01   1.1900372e+02  -6.7102272e+01  -2.0492575e-04
   2.1086111e+01  -7.6555005e+01   4.4841206e+01  -7.4398279e+01   7.6612460e+01  -7.0842789e+01   1.0907073e+02  -6.8166278e+01   1.1900372e+02  -6.7102272e+01  -5.9179761e-04
   2.1085428e+01  -7.6455128e+01   4.4840247e+01  -7.4301469e+01   7.6616334e+01  -7.0945459e+01   1.0909006e+02  -6.8058952e+01   1.1900372e+02  -6.7102272e+01   1.9388940e-04
   2.1117881e+01  -7.6574922e+01   4.4840247e+01  -7.4301469e+01   7.6545574e+01  -7.1059969e+01   1.0909526e+02  -6.8161172e+01   1.1900372e+02  -6.7102272e+01  -4.3807835e-04
   2.1085428e+01  -7.6455128e+01   4.4840247e+01  -7.4301469e+01   7.6541701e+01  -7.0957135e+01   1.0909526e+02  -6.8161172e+01   1.1900372e+02  -6.7102272e+01  -5.2073675e-04
   2.1086111e+01  -7.6555005e+01   4.4840247e+01  -7.4301469e+01   7.6616334e+01  -7.0945459e+01   1.0927051e+02  -6.8271247e+01   1.1900372e+02  -6.7102272e+01  -1.5422604e-03
   2.1086111e+01  -7.6555005e+01   4.4840247e+01  -7.4301469e+01   7.6616334e+01  -7.0945459e+01   1.0909526e+02  -6.8161172e+01   1.1900372e+02  -6.7102272e+01  -8.1187554e-04
   2.1085428e+01  -7.6455128e+01   4.4840247e+01  -7.4301469e+01   7.6541701e+01  -7.0957135e+01   1.0909526e+02  -6.8161172e+01   1.1900615e+02  -6.7198751e+01  -3.5969534e-04
   2.1086111e+01  -7.6555005e+01   4.4840247e+01  -7.4301469e+01   7.6616334e+01  -7.0945459e+01   1.0909526e+02  -6.8161172e+01   1.1900615e+02  -6.7198751e+01   6.5304503e-04
   2.1085428e+01  -7.6455128e+01   4.4838015e+01  -7.4199474e+01   7.6612460e+01  -7.0842789e+01   1.0927051e+02  -6.8271247e+01   1.1900615e+02  -6.7198751e+01   1.3426668e-03
   2.1117881e+01  -7.6574922e+01   4.4838015e+01  -7.4199474e+01   7.6612460e+01  -7.0842789e+01   1.0909526e+02  -6.8161172e+01   1.1900615e+02  -6.7198751e+01   2.2836365e-04
   2.1085428e+01  -7.6455128e+01   4.4840247e+01  -7.4301469e+01   7.6616334e+01  -7.0945459e+01   1.0909526e+02  -6.8161172e+01   1.1900615e+02  -6.7198751e+01   4.7115735e-04
   2.1086111e+01  -7.6555005e+01   4.4840247e+01  -7.4301469e+01   7.6616334e+01  -7.0945459e+01   1.0909526e+02  -6.8161172e+01   1.1900615e+02  -6.7198751e+01  -8.2639854e-04
   2.1086111e+01  -7.6555005e+01   4.4840247e+01  -7.4301469e+01   7.6422851e+01  -7.0944925e+01   1.0911453e+02  -6.8054027e+01   1.1900372e+02  -6.7102272e+01  -2.9112926e-04
   2.1086111e+01  -7.6555005e+01   4.4840247e+01  -7.4301469e+01   7.6612460e+01  -7.0842789e+01   1.0909290e+02  -6.8064198e+01   1.1900100e+02  -6.7005463e+01   1.1183044e-03
   2.1086111e+01  -7.6555005e+01   4.4838015e+01  -7.4199474e+01   7.6611021e+01  -7.0745325e+01   1.0908297e+02  -6.7768067e+01   1.1899067e+02  -6.6915471e+01  -1.5777215e-03
   2.1086111e+01  -7.6555005e+01   4.4840247e+01  -7.4301469e+01   7.6538745e+01  -7.0761522e+01   1.0907092e+02  -6.7467777e+01   1.1897485e+02  -6.6517983e+01   5.3428650e-04
   2.1085428e+01  -7.6455128e+01   4.4715746e+01  -7.4223310e+01   7.6406952e+01  -7.0344603e+01   1.0903693e+02  -6.7176040e+01   1.1876362e+02  -6.5913178e+01   4.6680330e-03
   2.1085428e+01  -7.6455128e+01   4.4837061e+01  -7.4102666e+01   7.6405446e+01  -7.0246792e+01   1.0902701e+02  -6.6879622e+01   1.1874783e+02  -6.5516550e+01   9.9406932e-03
   2.1085428e+01  -7.6455128e+01   4.4837061e+01  -7.4102666e+01   7.6329081e+01  -7.0159808e+01   1.0881936e+02  -6.6482366e+01   1.1872442e+02  -6.5124492e+01   1.5909087e-02
   2.1085428e+01  -7.6455128e+01   4.4833875e+01  -7.3903890e+01   7.6318489e+01  -6.9759144e+01   1.0879318e+02  -6.5784798e+01   1.1850220e+02  -6.4428210e+01   1.9242561e-02
   2.1086111e+01  -7.6555005e+01   4.4833875e+01  -7.3903890e+01   7.6313194e+01  -6.9558851e+01   1.0877857e+02  -6.5387145e+01   1.1848209e+02  -6.3930712e+01   2.3456921e-02
   2.1085428e+01  -7.6455128e+01   4.4830689e+01  -7.3705139e+01   7.6185594e+01  -6.9246300e+01   1.0858513e+02  -6.4783854e+01   1.1826070e+02  -6.3035752e+01   2.7420323e-02
   2.1086111e+01  -7.6555005e+01   4.4709387e+01  -7.3825136e+01   7.6176516e+01  -6.8944248e+01   1.0854324e+02  -6.4289904e+01   1.1804574e+02  -6.2536187e+01   3.5076335e-02
   2.1086111e+01  -7.6555005e+01   4.4709387e+01  -7.3825136e+01   7.6099858e+01  -6.8855346e+01   1.0850856e+02  -6.3993525e+01   1.1821635e+02  -6.2143376e+01   3.9425856e-02
   2.1117881e+01  -7.6574922e+01   4.4637844e+01  -7.3609563e+01   7.6093093e+01  -6.8557275e+01   1.0832139e+02  -6.3496329e+01   1.1800238e+02  -6.1646715e+01   4.3779677e-02
   2.1085428e+01  -7.6455128e+01   4.4828445e+01  -7.3603217e+01   7.6087813e+01  -6.8357139e+01   1.0830052e+02  -6.2994676e+01   1.1798542e+02  -6.1247262e+01   4.4429595e-02
   2.1086111e+01  -7.6555005e+01   4.4756743e+01  -7.3388720e+01   7.5956817e+01  -6.7944646e+01   1.0826303e+02  -6.2599322e+01   1.1776403e+02  -6.0553316e+01   4.7938910e-02
   2.1085428e+01  -7.6455128e+01   4.4753565e+01  -7.3190340e+01   7.5878399e+01  -6.7756400e+01   1.0807207e+02  -6.2004112e+01   1.1773478e+02  -6.0053621e+01   5.3569568e-02
   2.1085428e+01  -7.6455128e+01   4.4753565e+01  -7.3190340e+01   7.5873133e+01  -6.7556369e+01   1.0802953e+02  -6.1506113e+01   1.1752242e+02  -5.9363391e+01   5.7791306e-02
   2.1085428e+01  -7.6455128e+01   4.4631509e+01  -7.3212138e+01   7.5790688e+01  -6.7264972e+01   1.0781343e+02  -6.0908164e+01   1.1730106e+02  -5.8670158e+01   5.9409047e-02
   2.1086111e+01  -7.6555005e+01   4.4629183e+01  -7.3110643e+01   7.5735805e+01  -6.6848038e+01   1.0762604e+02  -6.0413545e+01   1.1727460e+02  -5.8265664e+01   6.1411771e-02
   2.1086111e+01  -7.6555005e+01   4.4629183e+01  -7.3110643e+01   7.5654763e+01  -6.6653952e+01   1.0757838e+02  -5.9812692e+01   1.1704862e+02  -5.7471476e+01   6.5147639e-02
   2.1086111e+01  -7.6555005e+01   4.4747210e+01  -7.2793659e+01   7.5720048e+01  -6.6249306e+01   1.0738877e+02  -5.9222935e+01   1.1701847e+02  -5.6967414e+01   6.9158063e-02
   2.1085428e+01  -7.6455128e+01   4.4626011e+01  -7.2911993e+01   7.5642810e+01  -6.6156411e+01   1.0734540e+02  -5.8721660e+01   1.1680721e+02  -5.6282374e+01   7.4275015e-02
   2.1086111e+01  -7.6555005e+01   4.4747210e+01  -7.2793659e+01   7.5440307e+01  -6.5854121e+01   1.0713229e+02  -5.8222218e+01   1.1658450e+02  -5.5586249e+01   7.7223908e-02
   2.1086111e+01  -7.6555005e+01   4.4622840e+01  -7.2713369e+01   7.5433634e+01  -6.5556566e+01   1.0694616e+02  -5.7732657e+01   1.1655857e+02  -5.5180776e+01   7.9017616e-02
   2.1085428e+01  -7.6455128e+01   4.4744034e+01  -7.2595357e+01   7.5303788e+01  -6.5149221e+01   1.0672608e+02  -5.7036360e+01   1.1633567e+02  -5.4484164e+01   8.2552021e-02
   2.1117881e+01  -7.6574922e+01   4.4620587e+01  -7.2611562e+01   7.5225962e+01  -6.5054722e+01   1.0668905e+02  -5.6730477e+01   1.1613346e+02  -5.4001491e+01   8.4116618e-02
   2.1085428e+01  -7.6455128e+01   4.4619670e+01  -7.2514771e+01   7.5219317e+01  -6.4757305e+01   1.0665418e+02  -5.6427629e+01   1.1610378e+02  -5.3496908e+01   9.1032200e-02
   2.1085428e+01  -7.6455128e+01   4.4619670e+01  -7.2514771e+01   7.5210286e+01  -6.4455781e+01   1.0645925e+02  -5.5738975e+01   1.1588430e+02  -5.2898294e+01   9.1895328e-02
   2.1117881e+01  -7.6574922e+01   4.4546995e+01  -7.2297034e+01   7.5011729e+01  -6.4255756e+01   1.0628152e+02  -5.5451560e+01   1.1568555e+02  -5.2515026e+01   9.2836753e-02
   2.1085428e+01  -7.6455128e+01   4.4546995e+01  -7.2297034e+01   7.5084635e+01  -6.4152157e+01   1.0624391e+02  -5.5143607e+01   1.1547049e+02  -5.2017417e+01   9.7763180e-02
   2.1086111e+01  -7.6555005e+01   4.4616499e+01  -7.2316200e+01   7.5006518e+01  -6.4056188e+01   1.0623443e+02  -5.4849116e+01   1.1545146e+02  -5.1805473e+01   9.8243253e-02
   2.1086111e+01  -7.6555005e+01   4.4546084e+01  -7.2200403e+01   7.5002640e+01  -6.3954018e+01   1.0602868e+02  -5.4548514e+01   1.1525858e+02  -5.1524877e+01   1.0013583e-01
   2.1085428e+01  -7.6455128e+01   4.4546084e+01  -7.2200403e+01   7.4922954e+01  -6.3760097e+01   1.0601439e+02  -5.4153243e+01   1.1524061e+02  -5.1034576e+01   1.0245924e-01
   2.1085428e+01  -7.6455128e+01   4.4423768e+01  -7.2220623e+01   7.4801411e+01  -6.3559019e+01   1.0581126e+02  -5.3856998e+01   1.1502326e+02  -5.0721538e+01   1.0434213e-01
   2.1117881e+01  -7.6574922e+01   4.4421431e+01  -7.2119238e+01   7.4718961e+01  -6.3360091e+01   1.0559139e+02  -5.3161663e+01   1.1480641e+02  -4.9848791e+01   1.0391262e-01
   2.1085428e+01  -7.6455128e+01   4.4419176e+01  -7.2017499e+01   7.4593966e+01  -6.3057917e+01   1.0558427e+02  -5.2964204e+01   1.1478593e+02  -4.9725394e+01   1.1179344e-01
   2.1086111e+01  -7.6555005e+01   4.4421431e+01  -7.2119238e+01   7.4708568e+01  -6.2960596e+01   1.0538131e+02  -5.2668257e+01   1.1457921e+02  -4.9333684e+01   1.1279565e-01
   2.1085428e+01  -7.6455128e+01   4.4418274e+01  -7.1920714e+01   7.4583598e+01  -6.2659120e+01   1.0533762e+02  -5.2255293e+01   1.1436692e+02  -4.8840965e+01   1.1301233e-01
   2.1086111e+01  -7.6555005e+01   4.4418274e+01  -7.1920714e+01   7.4504658e+01  -6.2560813e+01   1.0515939e+02  -5.1876986e+01   1.1434676e+02  -4.8346737e+01   1.1480294e-01
   2.1085428e+01  -7.6455128e+01   4.4416015e+01  -7.1818999e+01   7.4374869e+01  -6.2060730e+01   1.0490990e+02  -5.1070088e+01   1.1409744e+02  -4.7610387e+01   1.1859796e-01
   2.1085428e+01  -7.6455128e+01   4.4293243e+01  -7.1839015e+01   7.4364530e+01  -6.1662195e+01   1.0469743e+02  -5.0572829e+01   1.1368931e+02  -4.6743249e+01   1.2289982e-01
   2.1086111e+01  -7.6555005e+01   4.4412855e+01  -7.1620525e+01   7.4166224e+01  -6.1462588e+01   1.0465057e+02  -5.0059901e+01   1.1347497e+02  -4.6246953e+01   1.3101919e-01
   2.1086111e+01  -7.6555005e+01   4.4412855e+01  -7.1620525e+01   7.4086698e+01  -6.1362523e+01   1.0444253e+02  -4.9662887e+01   1.1344516e+02  -4.5828851e+01   1.3467711e-01
   2.1085428e+01  -7.6455128e+01   4.4411962e+01  -7.1523745e+01   7.4077671e+01  -6.1060973e+01   1.0408894e+02  -4.9008046e+01   1.1306122e+02  -4.5187724e+01   1.3524585e-01
   2.1085466e+01  -7.6460133e+01   4.4409694e+01  -7.1422077e+01   7.3877843e+01  -6.0763751e+01   1.0401964e+02  -4.8671785e+01   1.1281156e+02  -4.4540202e+01   1.3793445e-01
   2.1117881e+01  -7.6574922e+01   4.4286942e+01  -7.1441453e+01   7.3867560e+01  -6.0364937e+01   1.0380245e+02  -4.7980968e+01   1.1259663e+02  -4.3951215e+01   1.3968635e-01
   2.1086111e+01  -7.6555005e+01   4.4284676e+01  -7.1339645e+01   7.3669071e+01  -6.0165227e+01   1.0338943e+02  -4.7285239e+01   1.1237019e+02  -4.3158387e+01   1.4543141e-01
   2.1086111e+01  -7.6555005e+01   4.4284676e+01  -7.1339645e+01   7.3583589e+01  -5.9863466e+01   1.0317953e+02  -4.6792358e+01   1.1212468e+02  -4.2607590e+01   1.5372123e-01
   2.1085428e+01  -7.6455128e+01   4.4281522e+01  -7.1140927e+01   7.3578463e+01  -5.9663854e+01   1.0316091e+02  -4.6297613e+01   1.1174768e+02  -4.2073099e+01   1.5359524e-01
   2.1086111e+01  -7.6555005e+01   4.4281522e+01  -7.1140927e+01   7.3455269e+01  -5.9367687e+01   1.0275506e+02  -4.5799670e+01   1.1152625e+02  -4.1381418e+01   1.5888920e-01
   2.1086111e+01  -7.6555005e+01   4.4210664e+01  -7.0930054e+01   7.3174632e+01  -5.8966734e+01   1.0251203e+02  -4.5185717e+01   1.1127433e+02  -4.0726028e+01   1.6434417e-01
   2.1086111e+01  -7.6555005e+01   4.4208395e+01  -7.0828453e+01   7.3165737e+01  -5.8665558e+01   1.0229534e+02  -4.4589081e+01   1.1087658e+02  -4.0064593e+01   1.6588963e-01
   2.1085428e+01  -7.6455128e+01   4.4208395e+01  -7.0828453e+01   7.3043257e+01  -5.8371138e+01   1.0205605e+02  -4.4166699e+01   1.1064160e+02  -3.9439199e+01   1.7276025e-01
   2.1086111e+01  -7.6555005e+01   4.4207522e+01  -7.0731682e+01   7.2962021e+01  -5.8266378e+01   1.0184366e+02  -4.3669903e+01   1.1042498e+02  -3.8847177e+01   1.7616712e-01
   2.1241526e+01  -7.6332419e+01   4.4207522e+01  -7.0731682e+01   7.2834819e+01  -5.7773603e+01   1.0162912e+02  -4.3076466e+01   1.1003368e+02  -3.8289609e+01   1.7853133e-01
   2.1085428e+01  -7.6455128e+01   4.4205249e+01  -7.0630105e+01   7.2754507e+01  -5.7765417e+01   1.0145054e+02  -4.2704372e+01   1.0983896e+02  -3.7831046e+01   1.8804858e-01
   2.1085466e+01  -7.6460133e+01   4.4205249e+01  -7.0630105e+01   7.2711500e+01  -5.7572999e+01   1.0132092e+02  -4.2758306e+01   1.0967820e+02  -3.7894544e+01   1.8882238e-01
   2.1085428e+01  -7.6455128e+01   4.4206209e+01  -7.0726505e+01   7.2909432e+01  -5.7771992e+01   1.0152242e+02  -4.3145935e+01   1.0988665e+02  -3.8381368e+01   1.8962355e-01
   2.1086111e+01  -7.6555005e+01   4.4206209e+01  -7.0726505e+01   7.2919594e+01  -5.8169471e+01   1.0193510e+02  -4.3839639e+01   1.1030165e+02  -3.9072160e+01   1.8793130e-01
   2.1086111e+01  -7.6555005e+01   4.4208395e+01  -7.0828453e+01   7.3041680e+01  -5.8463070e+01   1.0197850e+02  -4.4162643e+01   1.1051034e+02  -3.9559436e+01   1.7456174e-01
   2.1117881e+01  -7.6574922e+01   4.4208395e+01  -7.0828453e+01   7.3123728e+01  -5.8663612e+01   1.0238555e+02  -4.4849128e+01   1.1076492e+02  -4.0217270e+01   1.6612620e-01
   2.1085428e+01  -7.6455128e+01   4.4279335e+01  -7.1038793e+01   7.3326872e+01  -5.9061625e+01   1.0243523e+02  -4.5366391e+01   1.1115792e+02  -4.0964420e+01   1.6036621e-01
   2.1086111e+01  -7.6555005e+01   4.4211541e+01  -7.1026827e+01   7.3336029e+01  -5.9363155e+01   1.0280515e+02  -4.5739284e+01   1.1137211e+02  -4.1364276e+01   1.5113618e-01
   2.1085428e+01  -7.6455128e+01   4.4212510e+01  -7.1123231e+01   7.3539250e+01  -5.9761379e+01   1.0306085e+02  -4.6649593e+01   1.1178960e+02  -4.2339039e+01   1.4832672e-01
   2.1086111e+01  -7.6555005e+01   4.4214688e+01  -7.1225227e+01   7.3662411e+01  -6.0057764e+01   1.0324580e+02  -4.7219732e+01   1.1201671e+02  -4.2941538e+01   1.4071115e-01
   2.1086111e+01  -7.6555005e+01   4.4214688e+01  -7.1225227e+01   7.3742526e+01  -6.0159719e+01   1.0328042e+02  -4.7341527e+01   1.1221985e+02  -4.3328792e+01   1.3419051e-01
   2.1241526e+01  -7.6332419e+01   4.4337437e+01  -7.1205846e+01   7.3823477e+01  -6.0357511e+01   1.0368247e+02  -4.8021675e+01   1.1244323e+02  -4.3936272e+01   1.3200539e-01
   2.1086111e+01  -7.6555005e+01   4.4287830e+01  -7.1538389e+01   7.3951008e+01  -6.0757268e+01   1.0390189e+02  -4.8620113e+01   1.1286633e+02  -4.4730577e+01   1.2817168e-01
   2.1086111e+01  -7.6555005e+01   4.4288809e+01  -7.1634952e+01   7.4031674e+01  -6.0954198e+01   1.0411674e+02  -4.9306279e+01   1.1308982e+02  -4.5515817e+01   1.2319797e-01
   2.1086111e+01  -7.6555005e+01   4.4290985e+01  -7.1737160e+01   7.4233699e+01  -6.1256093e+01   1.0436301e+02  -4.9921159e+01   1.1332462e+02  -4.6134823e+01   1.1455999e-01
   2.1085428e+01  -7.6455128e+01   4.4413838e+01  -7.1716932e+01   7.4363045e+01  -6.1753858e+01   1.0457689e+02  -5.0512279e+01   1.1354129e+02  -4.6818283e+01   1.1094601e-01
   2.1053754e+01  -7.6435420e+01   4.4413838e+01  -7.1716932e+01   7.4443139e+01  -6.1949356e+01   1.0461819e+02  -5.1013993e+01   1.1376196e+02  -4.7325837e+01   1.0527428e-01
   2.1053075e+01  -7.6335696e+01   4.4416015e+01  -7.1818999e+01   7.4453497e+01  -6.2347296e+01   1.0500495e+02  -5.1695333e+01   1.1399194e+02  -4.8118166e+01   1.0309306e-01
   2.1085428e+01  -7.6455128e+01   4.4417003e+01  -7.1915407e+01   7.4655657e+01  -6.2649551e+01   1.0522623e+02  -5.2484013e+01   1.1441114e+02  -4.9184841e+01   9.8828096e-02
   2.1086111e+01  -7.6555005e+01   4.4419176e+01  -7.2017499e+01   7.4660847e+01  -6.2848608e+01   1.0543225e+02  -5.2784486e+01   1.1461331e+02  -4.9477804e+01   9.0680437e-02
   2.1085428e+01  -7.6455128e+01   4.4419176e+01  -7.2017499e+01   7.4671230e+01  -6.3246800e+01   1.0547199e+02  -5.3189383e+01   1.1483065e+02  -5.0162987e+01   8.8697199e-02
   2.1086111e+01  -7.6555005e+01   4.4422337e+01  -7.2216025e+01   7.4870501e+01  -6.3542556e+01   1.0585675e+02  -5.4056982e+01   1.1487188e+02  -5.0962605e+01   8.7838872e-02
   2.1086111e+01  -7.6555005e+01   4.4543828e+01  -7.2098804e+01   7.4952767e+01  -6.3741912e+01   1.0590835e+02  -5.4664447e+01   1.1527823e+02  -5.1643699e+01   8.2243307e-02
   2.1086111e+01  -7.6555005e+01   4.4546995e+01  -7.2297034e+01   7.5083221e+01  -6.4243577e+01   1.0612884e+02  -5.5358988e+01   1.1551157e+02  -5.2350141e+01   7.9378179e-02
   2.1085428e+01  -7.6455128e+01   4.4546995e+01  -7.2297034e+01   7.5087241e+01  -6.4346280e+01   1.0631585e+02  -5.5753607e+01   1.1571493e+02  -5.2738866e+01   7.1246781e-02
   2.1086111e+01  -7.6555005e+01   4.4546995e+01  -7.2297034e+01   7.5093659e+01  -6.4642134e+01   1.0634325e+02  -5.5951683e+01   1.1573583e+02  -5.3137659e+01   6.9144945e-02
   2.1086111e+01  -7.6555005e+01   4.4547996e+01  -7.2393290e+01   7.5291938e+01  -6.4841893e+01   1.0655155e+02  -5.6442351e+01   1.1576155e+02  -5.3635251e+01   7.0590338e-02
   2.1086111e+01  -7.6555005e+01   4.4620587e+01  -7.2611562e+01   7.5301193e+01  -6.5144022e+01   1.0676968e+02  -5.6947587e+01   1.1597875e+02  -5.4230074e+01   6.8184051e-02
   2.1086111e+01  -7.6555005e+01   4.4620587e+01  -7.2611562e+01   7.5305141e+01  -6.5246485e+01   1.0675437e+02  -5.7234640e+01   1.1617393e+02  -5.4609569e+01   6.2056834e-02
   2.1086111e+01  -7.6555005e+01   4.4620587e+01  -7.2611562e+01   7.5378787e+01  -6.5238235e+01   1.0678673e+02  -5.7532122e+01   1.1619249e+02  -5.4910663e+01   6.1964663e-02
   2.1085428e+01  -7.6455128e+01   4.4622840e+01  -7.2713369e+01   7.5385233e+01  -6.5533768e+01   1.0699525e+02  -5.8023342e+01   1.1641043e+02  -5.5597536e+01   5.9850383e-02
   2.1086111e+01  -7.6555005e+01   4.4623762e+01  -7.2810162e+01   7.5515256e+01  -6.5942195e+01   1.0719315e+02  -5.8716968e+01   1.1663122e+02  -5.6102515e+01   5.8719470e-02
   2.1117881e+01  -7.6574922e+01   4.4623762e+01  -7.2810162e+01   7.5591265e+01  -6.5938443e+01   1.0720440e+02  -5.8920868e+01   1.1664488e+02  -5.6400660e+01   5.4198341e-02
   2.1086111e+01  -7.6555005e+01   4.4623762e+01  -7.2810162e+01   7.5520501e+01  -6.6141689e+01   1.0722945e+02  -5.9019317e+01   1.1664838e+02  -5.6591164e+01   5.4810554e-02
   2.1085428e+01  -7.6455128e+01   4.4748137e+01  -7.2890296e+01   7.5526971e+01  -6.6437824e+01   1.0727415e+02  -5.9612872e+01   1.1686794e+02  -5.7373754e+01   5.2761402e-02
   2.1117881e+01  -7.6574922e+01   4.4629183e+01  -7.3110643e+01   7.5730662e+01  -6.6837425e+01   1.0764392e+02  -6.0405332e+01   1.1709834e+02  -5.8171727e+01   4.9888887e-02
   2.1085428e+01  -7.6455128e+01   4.4630113e+01  -7.3207441e+01   7.5735923e+01  -6.7037029e+01   1.0767519e+02  -6.0698537e+01   1.1710863e+02  -5.8558296e+01   4.5072964e-02
   2.1117881e+01  -7.6574922e+01   4.4751318e+01  -7.3088626e+01   7.5745208e+01  -6.7339674e+01   1.0769564e+02  -6.1196168e+01   1.1732490e+02  -5.9057659e+01   4.1504653e-02
   2.1085428e+01  -7.6455128e+01   4.4753565e+01  -7.3190340e+01   7.5943716e+01  -6.7539837e+01   1.0788839e+02  -6.1793103e+01   1.1754280e+02  -5.9847577e+01   3.9690670e-02
   2.1086111e+01  -7.6555005e+01   4.4632354e+01  -7.3309319e+01   7.5948989e+01  -6.7739540e+01   1.0791809e+02  -6.1989215e+01   1.1756447e+02  -6.0148684e+01   3.6128820e-02
   2.1085428e+01  -7.6455128e+01   4.4703965e+01  -7.3524026e+01   7.5955509e+01  -6.8035924e+01   1.0812852e+02  -6.2577221e+01   1.1758955e+02  -6.0732648e+01   3.1956584e-02
   2.1085428e+01  -7.6455128e+01   4.4757682e+01  -7.3485365e+01   7.6037509e+01  -6.8325343e+01   1.0816381e+02  -6.3471631e+01   1.1782173e+02  -6.1626732e+01   3.1700863e-02
   2.1117881e+01  -7.6574922e+01   4.4757682e+01  -7.3485365e+01   7.6168688e+01  -6.8738947e+01   1.0837794e+02  -6.3972650e+01   1.1803270e+02  -6.2223576e+01   2.5950664e-02
   2.1086111e+01  -7.6555005e+01   4.4829475e+01  -7.3699635e+01   7.6179264e+01  -6.9138692e+01   1.0839981e+02  -6.4566764e+01   1.1806268e+02  -6.2918850e+01   2.4321844e-02
   2.1086111e+01  -7.6555005e+01   4.4831635e+01  -7.3801943e+01   7.6184552e+01  -6.9338603e+01   1.0858816e+02  -6.5067693e+01   1.1828060e+02  -6.3514852e+01   1.8211377e-02
   2.1085428e+01  -7.6455128e+01   4.4831635e+01  -7.3801943e+01   7.6260984e+01  -6.9426645e+01   1.0862841e+02  -6.5464254e+01   1.1830245e+02  -6.4012634e+01   1.6303272e-02
   2.1117881e+01  -7.6574922e+01   4.4711367e+01  -7.4018675e+01   7.6384494e+01  -6.9635754e+01   1.0863867e+02  -6.5853504e+01   1.1850803e+02  -6.4404148e+01   1.3039838e-02
   2.1117881e+01  -7.6574922e+01   4.4834825e+01  -7.4000695e+01   7.6393829e+01  -6.9939012e+01   1.0883182e+02  -6.6364072e+01   1.1852952e+02  -6.5010534e+01   1.2650882e-02
   2.1118567e+01  -7.6674952e+01   4.4834825e+01  -7.4000695e+01   7.6397781e+01  -7.0041954e+01   1.0884646e+02  -6.6761360e+01   1.1873784e+02  -6.5608717e+01   8.6622148e-03
   2.1086111e+01  -7.6555005e+01   4.4834825e+01  -7.4000695e+01   7.6404434e+01  -7.0339069e+01   1.0885540e+02  -6.7055930e+01   1.1875193e+02  -6.5800172e+01   5.0520721e-03
   2.1085428e+01  -7.6455128e+01   4.4835864e+01  -7.4097116e+01   7.6408383e+01  -7.0442052e+01   1.0906074e+02  -6.7263786e+01   1.1877170e+02  -6.6203401e+01   2.7187761e-03
   2.1085428e+01  -7.6455128e+01   4.4838015e+01  -7.4199474e+01   7.6531074e+01  -7.0556284e+01   1.0906807e+02  -6.7462540e+01   1.1878151e+02  -6.6201855e+01   1.0528106e-03
   2.1242219e+01  -7.6432136e+01   4.4838015e+01  -7.4199474e+01   7.6412252e+01  -7.0544684e+01   1.0907328e+02  -6.7564716e+01   1.1878392e+02  -6.6298129e+01  -1.6898841e-04
   2.1085428e+01  -7.6455128e+01   4.4837061e+01  -7.4102666e+01   7.6413684e+01  -7.0642140e+01   1.0907328e+02  -6.7564716e+01   1.1878941e+02  -6.6399945e+01  -1.3411334e-04
   2.1086111e+01  -7.6555005e+01   4.4838015e+01  -7.4199474e+01   7.6484522e+01  -7.0528476e+01   1.0907540e+02  -6.7661319e+01   1.1878941e+02  -6.6399945e+01  -2.2345657e-04
   2.1085428e+01  -7.6455128e+01   4.4838015e+01  -7.4199474e+01   7.6413684e+01  -7.0642140e+01   1.0907540e+02  -6.7661319e+01   1.1879182e+02  -6.6496231e+01   1.9223755e-03
   2.1085428e+01  -7.6455128e+01   4.4838015e+01  -7.4199474e+01   7.6536387e+01  -7.0756696e+01   1.0908061e+02  -6.7763510e+01   1.1898240e+02  -6.6603336e+01   5.5111765e-04
   2.1086111e+01  -7.6555005e+01   4.4838015e+01  -7.4199474e+01   7.6413684e+01  -7.0642140e+01   1.0908061e+02  -6.7763510e+01   1.1879029e+02  -6.6605411e+01  -2.0825432e-03
   2.1085428e+01  -7.6455128e+01   4.4838015e+01  -7.4199474e+01   7.6488390e+01  -7.0630964e+01   1.0908061e+02  -6.7763510e+01   1.1879730e+02  -6.6598060e+01  -3.9306438e-04
   2.1086111e+01  -7.6555005e+01   4.4838015e+01  -7.4199474e+01   7.6417551e+01  -7.0744791e+01   1.0908061e+02  -6.7763510e+01   1.1879730e+02  -6.6598060e+01  -1.0072784e-03
   2.1086111e+01  -7.6555005e+01   4.4838015e+01  -7.4199474e+01   7.6488390e+01  -7.0630964e+01   1.0908061e+02  -6.7763510e+01   1.1879972e+02  -6.6694357e+01  -1.3517870e-03
   2.1053754e+01  -7.6435420e+01   4.4838015e+01  -7.4199474e+01   7.6417551e+01  -7.0744791e+01   1.0908273e+02  -6.7860123e+01   1.1879972e+02  -6.6694357e+01   2.8712962e-04
   2.1086111e+01  -7.6555005e+01   4.4840247e+01  -7.4301469e+01   7.6417551e+01  -7.0744791e+01   1.0908273e+02  -6.7860123e+01   1.1899032e+02  -6.6801783e+01  -1.9285719e-03
   2.1085428e+01  -7.6455128e+01   4.4838015e+01  -7.4199474e+01   7.6488390e+01  -7.0630964e+01   1.0908794e+02  -6.7962328e+01   1.1879972e+02  -6.6694357e+01  -1.1054038e-03
   2.1117881e+01  -7.6574922e+01   4.4838015e+01  -7.4199474e+01   7.6488390e+01  -7.0630964e+01   1.0908794e+02  -6.7962328e+01   1.1899580e+02  -6.6903787e+01  -1.2342408e-03
   2.1086111e+01  -7.6555005e+01   4.4838015e+01  -7.4199474e+01   7.6488390e+01  -7.0630964e+01   1.0908794e+02  -6.7962328e+01   1.1899580e+02  -6.6903787e+01   2.2811082e-04
   2.1086111e+01  -7.6555005e+01   4.4838015e+01  -7.4199474e+01   7.6489824e+01  -7.0728267e+01   1.0908794e+02  -6.7962328e+01   1.1899580e+02  -6.6903787e+01  -1.3408311e-04
   2.1053754e+01  -7.6435420e+01   4.4838015e+01  -7.4199474e+01   7.6488390e+01  -7.0630964e+01   1.0908794e+02  -6.7962328e+01   1.1880520e+02  -6.6796199e+01  -3.0623629e-04
   2.1085428e+01  -7.6455128e+01   4.4838015e+01  -7.4199474e+01   7.6488390e+01  -7.0630964e+01   1.0908794e+02  -6.7962328e+01   1.1899580e+02  -6.6903787e+01  -1.5230107e-03
   2.1085428e+01  -7.6455128e+01   4.4838015e+01  -7.4199474e+01   7.6612460e+01  -7.0842789e+01   1.0908794e+02  -6.7962328e+01   1.1899824e+02  -6.7000255e+01  -9.9381137e-05
   2.1086111e+01  -7.6555005e+01   4.4838015e+01  -7.4199474e+01   7.6418986e+01  -7.0842254e+01   1.0908794e+02  -6.7962328e+01   1.1899824e+02  -6.7000255e+01  -1.5555444e-03
   2.1085428e+01  -7.6455128e+01   4.4838015e+01  -7.4199474e+01   7.6489824e+01  -7.0728267e+01   1.0908794e+02  -6.7962328e+01   1.1880520e+02  -6.6796199e+01  -1.2650668e-03
   2.1086111e+01  -7.6555005e+01   4.4838015e+01  -7.4199474e+01   7.6489824e+01  -7.0728267e+01   1.0908794e+02  -6.7962328e+01   1.1880520e+02  -6.6796199e+01   5.0102838e-04
   2.1241526e+01  -7.6332419e+01   4.4840247e+01  -7.4301469e+01   7.6612460e+01  -7.0842789e+01   1.0908794e+02  -6.7962328e+01   1.1899824e+02  -6.7000255e+01  -8.8856635e-04
   2.1085428e+01  -7.6455128e+01   4.4838015e+01  -7.4199474e+01   7.6612460e+01  -7.0842789e+01   1.0908794e+02  -6.7962328e+01   1.1880762e+02  -6.6892508e+01  -1.5655741e-03
   2.1242219e+01  -7.6432136e+01   4.4840247e+01  -7.4301469e+01   7.6417551e+01  -7.0744791e+01   1.0908794e+02  -6.7962328e+01   1.1880762e+02  -6.6892508e+01  -1.5492403e-03
   2.1085428e+01  -7.6455128e+01   4.4838015e+01  -7.4199474e+01   7.6612460e+01  -7.0842789e+01   1.0908794e+02  -6.7962328e+01   1.1899824e+02  -6.7000255e+01  -6.4648172e-04
   2.1086111e+01  -7.6555005e+01   4.4838015e+01  -7.4199474e+01   7.6612460e+01  -7.0842789e+01   1.0908794e+02  -6.7962328e+01   1.1899824e+02  -6.7000255e+01  -1.6574755e-03
   2.1085428e+01  -7.6455128e+01   4.4838015e+01  -7.4199474e+01   7.6612460e+01  -7.0842789e+01   1.0909006e+02  -6.8058952e+01   1.1900372e+02  -6.7102272e+01  -8.0477694e-04
   2.1086111e+01  -7.6555005e+01   4.4838015e+01  -7.4199474e+01   7.6418986e+01  -7.0842254e+01   1.0909006e+02  -6.8058952e+01   1.1881310e+02  -6.6994363e+01  -1.2432356e-03
   2.1085466e+01  -7.6460133e+01   4.4838015e+01  -7.4199474e+01   7.6541701e+01  -7.0957135e+01   1.0908794e+02  -6.7962328e+01   1.1900372e+02  -6.7102272e+01   1.9591846e-03
   2.1085428e+01  -7.6455128e+01   4.4840247e+01  -7.4301469e+01   7.6612460e+01  -7.0842789e+01   1.0909006e+02  -6.8058952e+01   1.1900372e+02  -6.7102272e+01   1.7561528e-04
   2.1084586e+01  -7.6360641e+01   4.4840247e+01  -7.4301469e+01   7.6612460e+01  -7.0842789e+01   1.0909290e+02  -6.8064198e+01   1.1900372e+02  -6.7102272e+01   3.7226220e-04
   2.1117881e+01  -7.6574922e+01   4.4838015e+01  -7.4199474e+01   7.6545574e+01  -7.1059969e+01   1.0909290e+02  -6.8064198e+01   1.1881310e+02  -6.6994363e+01   2.9049547e-03
   2.1086111e+01  -7.6555005e+01   4.4838015e+01  -7.4199474e+01   7.6488390e+01  -7.0630964e+01   1.0908794e+02  -6.7962328e+01   1.1899824e+02  -6.7000255e+01  -5.2203629e-04
   2.1086111e+01  -7.6555005e+01   4.4840247e+01  -7.4301469e+01   7.6611021e+01  -7.0745325e+01   1.0908794e+02  -6.7962328e+01   1.1880520e+02  -6.6796199e+01   2.4778962e-05
   2.1085428e+01  -7.6455128e+01   4.4838015e+01  -7.4199474e+01   7.6611021e+01  -7.0745325e+01   1.0908794e+02  -6.7962328e+01   1.1880090e+02  -6.6900642e+01   1.3090539e-03
   2.1085466e+01  -7.6460133e+01   4.4838015e+01  -7.4199474e+01   7.6417551e+01  -7.0744791e+01   1.0907825e+02  -6.7666559e+01   1.1898518e+02  -6.6608543e+01   1.8338866e-03
   2.1118567e+01  -7.6674952e+01   4.4837061e+01  -7.4102666e+01   7.6533435e+01  -7.0561098e+01   1.0904614e+02  -6.7378960e+01   1.1877257e+02  -6.6114747e+01   2.3170486e-03
   2.1086111e+01  -7.6555005e+01   4.4837061e+01  -7.4102666e+01   7.6405446e+01  -7.0246792e+01   1.0902843e+02  -6.6882820e+01   1.1874891e+02  -6.5519786e+01   5.9535162e-03
   2.1086111e+01  -7.6555005e+01   4.4833875e+01  -7.3903890e+01   7.6396355e+01  -6.9944519e+01   1.0883478e+02  -6.6276974e+01   1.1871978e+02  -6.5023439e+01   1.1777631e-02
   2.1086111e+01  -7.6555005e+01   4.4834825e+01  -7.4000695e+01   7.6391057e+01  -6.9744516e+01   1.0882555e+02  -6.6074493e+01   1.1851659e+02  -6.4619347e+01   2.0375248e-02
   2.1242219e+01  -7.6432136e+01   4.4833875e+01  -7.3903890e+01   7.6318489e+01  -6.9759144e+01   1.0878868e+02  -6.5683601e+01   1.1849433e+02  -6.4229784e+01   2.4048089e-02
   2.1086111e+01  -7.6555005e+01   4.4833013e+01  -7.3806700e+01   7.6185594e+01  -6.9246300e+01   1.0857390e+02  -6.5087962e+01   1.1846283e+02  -6.3436324e+01   2.6037297e-02
   2.1118567e+01  -7.6674952e+01   4.4830689e+01  -7.3705139e+01   7.6175030e+01  -6.8846493e+01   1.0854776e+02  -6.4391017e+01   1.1824498e+02  -6.2639879e+01   2.9806268e-02
   2.1053754e+01  -7.6435420e+01   4.4759066e+01  -7.3490099e+01   7.6169748e+01  -6.8646628e+01   1.0835474e+02  -6.3789664e+01   1.1821952e+02  -6.2240636e+01   3.5730265e-02
   2.1086111e+01  -7.6555005e+01   4.4756743e+01  -7.3388720e+01   7.6165949e+01  -6.8544529e+01   1.0834746e+02  -6.3591390e+01   1.1801435e+02  -6.1744811e+01   4.3319764e-02
   2.1086111e+01  -7.6555005e+01   4.4635526e+01  -7.3508022e+01   7.5965883e+01  -6.8246477e+01   1.0830529e+02  -6.3096029e+01   1.1798542e+02  -6.1247262e+01   4.4291775e-02
   2.1085428e+01  -7.6455128e+01   4.4635526e+01  -7.3508022e+01   7.5956817e+01  -6.7944646e+01   1.0810726e+02  -6.2302659e+01   1.1776403e+02  -6.0553316e+01   4.8149777e-02
   2.1241526e+01  -7.6332419e+01   4.4753565e+01  -7.3190340e+01   7.5950080e+01  -6.7647197e+01   1.0806911e+02  -6.1906417e+01   1.1773138e+02  -5.9956077e+01   5.0365326e-02
   2.1086111e+01  -7.6555005e+01   4.4753565e+01  -7.3190340e+01   7.5869331e+01  -6.7454216e+01   1.0785169e+02  -6.1305930e+01   1.1751460e+02  -5.9165625e+01   5.4977675e-02
   2.1053754e+01  -7.6435420e+01   4.4750388e+01  -7.2991986e+01   7.5864063e+01  -6.7254229e+01   1.0783719e+02  -6.0909455e+01   1.1749597e+02  -5.8959457e+01   5.9077707e-02
   2.1086111e+01  -7.6555005e+01   4.4629183e+01  -7.3110643e+01   7.5737259e+01  -6.6945711e+01   1.0765002e+02  -6.0415575e+01   1.1728880e+02  -5.8372100e+01   6.2179586e-02
   2.1085428e+01  -7.6455128e+01   4.4629183e+01  -7.3110643e+01   7.5730552e+01  -6.6648434e+01   1.0760867e+02  -5.9919764e+01   1.1706401e+02  -5.7581912e+01   6.6450780e-02
   2.1085428e+01  -7.6455128e+01   4.4747210e+01  -7.2793659e+01   7.5648062e+01  -6.6356259e+01   1.0738420e+02  -5.9122142e+01   1.1682982e+02  -5.6589049e+01   6.7900602e-02
   2.1084586e+01  -7.6360641e+01   4.4623762e+01  -7.2810162e+01   7.5445547e+01  -6.6053924e+01   1.0716873e+02  -5.8526162e+01   1.1679942e+02  -5.6084717e+01   7.2658065e-02
   2.1085428e+01  -7.6455128e+01   4.4744956e+01  -7.2691992e+01   7.5512600e+01  -6.5747963e+01   1.0715671e+02  -5.8227250e+01   1.1659457e+02  -5.5595715e+01   7.8690820e-02
   2.1053075e+01  -7.6335696e+01   4.4622840e+01  -7.2713369e+01   7.5507359e+01  -6.5548508e+01   1.0712242e+02  -5.8019581e+01   1.1657943e+02  -5.5485302e+01   8.1197476e-02
   2.1053075e+01  -7.6335696e+01   4.4620587e+01  -7.2611562e+01   7.5428396e+01  -6.5356822e+01   1.0691401e+02  -5.7528511e+01   1.1636047e+02  -5.4797135e+01   8.2048211e-02
   2.1086111e+01  -7.6555005e+01   4.4622840e+01  -7.2713369e+01   7.5302365e+01  -6.5051622e+01   1.0672112e+02  -5.6842590e+01   1.1613827e+02  -5.4102069e+01   8.2580301e-02
   2.1086111e+01  -7.6555005e+01   4.4619670e+01  -7.2514771e+01   7.5220736e+01  -6.4855049e+01   1.0667950e+02  -5.6435669e+01   1.1592068e+02  -5.3507627e+01   8.7456725e-02
   2.1086111e+01  -7.6555005e+01   4.4619670e+01  -7.2514771e+01   7.5215511e+01  -6.4655402e+01   1.0649656e+02  -5.6046156e+01   1.1590539e+02  -5.3205215e+01   9.0571069e-02
   2.1086111e+01  -7.6555005e+01   4.4619670e+01  -7.2514771e+01   7.5089847e+01  -6.4351429e+01   1.0646136e+02  -5.5835511e+01   1.1570963e+02  -5.2826566e+01   9.1395367e-02
   2.1086111e+01  -7.6555005e+01   4.4546084e+01  -7.2200403e+01   7.5136037e+01  -6.4462142e+01   1.0625336e+02  -5.5345268e+01   1.1567136e+02  -5.2404114e+01   9.4195545e-02
   2.1086111e+01  -7.6555005e+01   4.4616499e+01  -7.2316200e+01   7.5079423e+01  -6.3952910e+01   1.0623675e+02  -5.4945878e+01   1.1546045e+02  -5.1724241e+01   9.5083919e-02
   2.1085428e+01  -7.6455128e+01   4.4546084e+01  -7.2200403e+01   7.4928164e+01  -6.3959936e+01   1.0602638e+02  -5.4451778e+01   1.1525599e+02  -5.1428541e+01   9.8579683e-02
   2.1085428e+01  -7.6455128e+01   4.4422337e+01  -7.2216025e+01   7.4922954e+01  -6.3760097e+01   1.0601923e+02  -5.4254143e+01   1.1522844e+02  -5.1018007e+01   1.0189281e-01
   2.1086111e+01  -7.6555005e+01   4.4421431e+01  -7.2119238e+01   7.4796215e+01  -6.3359538e+01   1.0579928e+02  -5.3558587e+01   1.1500615e+02  -5.0323589e+01   1.0386084e-01
   2.1085428e+01  -7.6455128e+01   4.4421431e+01  -7.2119238e+01   7.4787213e+01  -6.3058321e+01   1.0559139e+02  -5.3161663e+01   1.1479133e+02  -4.9826361e+01   1.0667075e-01
   2.1274168e+01  -7.6451841e+01   4.4420616e+01  -7.2022076e+01   7.4592583e+01  -6.2960249e+01   1.0555056e+02  -5.2753477e+01   1.1476526e+02  -4.9417092e+01   1.1260315e-01
   2.1085428e+01  -7.6455128e+01   4.4418274e+01  -7.1920714e+01   7.4508463e+01  -6.2662682e+01   1.0530818e+02  -5.2144054e+01   1.1434563e+02  -4.8623620e+01   1.1155782e-01
   2.1053754e+01  -7.6435420e+01   4.4416015e+01  -7.1818999e+01   7.4499476e+01  -6.2361157e+01   1.0495175e+02  -5.1480607e+01   1.1413736e+02  -4.7950883e+01   1.1585779e-01
   2.1086111e+01  -7.6555005e+01   4.4416015e+01  -7.1818999e+01   7.4370997e+01  -6.1958747e+01   1.0490749e+02  -5.1066187e+01   1.1392042e+02  -4.7358406e+01   1.2178098e-01
   2.1085428e+01  -7.6455128e+01   4.4415118e+01  -7.1722216e+01   7.4364530e+01  -6.1662195e+01   1.0469500e+02  -5.0475943e+01   1.1387692e+02  -4.6919309e+01   1.2514509e-01
   2.1085428e+01  -7.6455128e+01   4.4412855e+01  -7.1620525e+01   7.4166224e+01  -6.1462588e+01   1.0448261e+02  -4.9978915e+01   1.1346737e+02  -4.6050071e+01   1.2958237e-01
   2.1117881e+01  -7.6574922e+01   4.4411962e+01  -7.1523745e+01   7.4085345e+01  -6.1264770e+01   1.0443750e+02  -4.9468688e+01   1.1343024e+02  -4.5804178e+01   1.3191049e-01
   2.1085428e+01  -7.6455128e+01   4.4411962e+01  -7.1523745e+01   7.4001776e+01  -6.1062366e+01   1.0405791e+02  -4.8892318e+01   1.1303850e+02  -4.4965684e+01   1.3565237e-01
   2.1086111e+01  -7.6555005e+01   4.4409694e+01  -7.1422077e+01   7.3873975e+01  -6.0661737e+01   1.0384087e+02  -4.8295289e+01   1.1280637e+02  -4.4439556e+01   1.4134387e-01
   2.1086111e+01  -7.6555005e+01   4.4286942e+01  -7.1441453e+01   7.3868832e+01  -6.0462335e+01   1.0363343e+02  -4.7899463e+01   1.1260776e+02  -4.3878365e+01   1.4271736e-01
   2.1274168e+01  -7.6451841e+01   4.4286942e+01  -7.1441453e+01   7.3863689e+01  -6.0262960e+01   1.0359221e+02  -4.7580746e+01   1.1239874e+02  -4.3483410e+01   1.4803322e-01
   2.1085428e+01  -7.6455128e+01   4.4283793e+01  -7.1242711e+01   7.3663943e+01  -5.9965885e+01   1.0338244e+02  -4.7087981e+01   1.1216590e+02  -4.2863377e+01   1.4721937e-01
   2.1086111e+01  -7.6555005e+01   4.4405651e+01  -7.1126881e+01   7.3583589e+01  -5.9863466e+01   1.0316999e+02  -4.6591291e+01   1.1195181e+02  -4.2367889e+01   1.5163226e-01
   2.1085428e+01  -7.6455128e+01   4.4213806e+01  -7.1128451e+01   7.3456521e+01  -5.9465048e+01   1.0312810e+02  -4.6270383e+01   1.1173754e+02  -4.1872389e+01   1.5395173e-01
   2.1086111e+01  -7.6555005e+01   4.4211541e+01  -7.1026827e+01   7.3451405e+01  -5.9265803e+01   1.0275298e+02  -4.5703194e+01   1.1152625e+02  -4.1381418e+01   1.6083690e-01
   2.1085428e+01  -7.6455128e+01   4.4211541e+01  -7.1026827e+01   7.3251778e+01  -5.8968921e+01   1.0271053e+02  -4.5381136e+01   1.1129478e+02  -4.0854716e+01   1.6574206e-01
   2.1086111e+01  -7.6555005e+01   4.4278369e+01  -7.0942235e+01   7.3169535e+01  -5.8767236e+01   1.0233143e+02  -4.4715230e+01   1.1106491e+02  -4.0330338e+01   1.6559266e-01
   2.1085428e+01  -7.6455128e+01   4.4208395e+01  -7.0828453e+01   7.3161874e+01  -5.8563587e+01   1.0228536e+02  -4.4387576e+01   1.1068584e+02  -3.9703115e+01   1.6801085e-01
   2.1086111e+01  -7.6555005e+01   4.4207522e+01  -7.0731682e+01   7.2962021e+01  -5.8266378e+01   1.0188043e+02  -4.3797557e+01   1.1045621e+02  -3.9178720e+01   1.7330261e-01
   2.1086111e+01  -7.6555005e+01   4.4205249e+01  -7.0630105e+01   7.2837201e+01  -5.7967903e+01   1.0153325e+02  -4.3253526e+01   1.1007477e+02  -3.8550707e+01   1.7672825e-01
   2.1086111e+01  -7.6555005e+01   4.4205249e+01  -7.0630105e+01   7.2914513e+01  -5.7970719e+01   1.0156638e+02  -4.3469809e+01   1.1009447e+02  -3.8773921e+01   1.8126918e-01
   2.1086111e+01  -7.6555005e+01   4.4206209e+01  -7.0726505e+01   7.3037636e+01  -5.8360370e+01   1.0196547e+02  -4.3864976e+01   1.1032553e+02  -3.9206038e+01   1.8359659e-01
   2.1085428e+01  -7.6455128e+01   4.4208395e+01  -7.0828453e+01   7.3121563e+01  -5.8470801e+01   1.0198542e+02  -4.4358868e+01   1.1052448e+02  -3.9856265e+01   1.7633696e-01
   2.1085428e+01  -7.6455128e+01   4.4208395e+01  -7.0828453e+01   7.3127770e+01  -5.8766190e+01   1.0238555e+02  -4.4849128e+01   1.1092651e+02  -4.0345498e+01   1.7090303e-01
   2.1053075e+01  -7.6335696e+01   4.4209359e+01  -7.0924855e+01   7.3325813e+01  -5.8965363e+01   1.0243442e+02  -4.5271781e+01   1.1116313e+02  -4.0876835e+01   1.6335571e-01
   2.1086111e+01  -7.6555005e+01   4.4211541e+01  -7.1026827e+01   7.3331982e+01  -5.9260512e+01   1.0264165e+02  -4.5760128e+01   1.1137288e+02  -4.1458665e+01   1.5591769e-01
   2.1085428e+01  -7.6455128e+01   4.4212510e+01  -7.1123231e+01   7.3531074e+01  -5.9555713e+01   1.0287732e+02  -4.6269508e+01   1.1161085e+02  -4.2001734e+01   1.5079936e-01
   2.1085428e+01  -7.6455128e+01   4.4212510e+01  -7.1123231e+01   7.3619417e+01  -5.9863612e+01   1.0326134e+02  -4.6942132e+01   1.1200402e+02  -4.2739464e+01   1.4894979e-01
   2.1086111e+01  -7.6555005e+01   4.4214688e+01  -7.1225227e+01   7.3742526e+01  -6.0159719e+01   1.0348015e+02  -4.7539533e+01   1.1204698e+02  -4.3360065e+01   1.3860174e-01
   2.1086111e+01  -7.6555005e+01   4.4215661e+01  -7.1321633e+01   7.3940711e+01  -6.0359110e+01   1.0368800e+02  -4.8028961e+01   1.1245665e+02  -4.4045231e+01   1.3190369e-01
   2.1084586e+01  -7.6360641e+01   4.4285651e+01  -7.1436206e+01   7.3946940e+01  -6.0654473e+01   1.0373596e+02  -4.8541806e+01   1.1266564e+02  -4.4532896e+01   1.2674055e-01
   2.1053754e+01  -7.6435420e+01   4.4217835e+01  -7.1423654e+01   7.4030590e+01  -6.0858047e+01   1.0410970e+02  -4.9109672e+01   1.1289472e+02  -4.5145583e+01   1.2560368e-01
   2.1085428e+01  -7.6455128e+01   4.4410673e+01  -7.1518483e+01   7.4036826e+01  -6.1153025e+01   1.0415626e+02  -4.9526651e+01   1.1310413e+02  -4.5813203e+01   1.1914641e-01
   2.1085428e+01  -7.6455128e+01   4.4290985e+01  -7.1737160e+01   7.4238862e+01  -6.1454968e+01   1.0453707e+02  -5.0198431e+01   1.1333307e+02  -4.6424788e+01   1.1626212e-01
   2.1085428e+01  -7.6455128e+01   4.4290985e+01  -7.1737160e+01   7.4248029e+01  -6.1756302e+01   1.0474889e+02  -5.0600227e+01   1.1373476e+02  -4.7001769e+01   1.1072507e-01
   2.1086111e+01  -7.6555005e+01   4.4416015e+01  -7.1818999e+01   7.4368220e+01  -6.1953106e+01   1.0478380e+02  -5.0907112e+01   1.1375633e+02  -4.7313418e+01   1.0797247e-01
   2.1086111e+01  -7.6555005e+01   4.4413838e+01  -7.1716932e+01   7.4449351e+01  -6.2244167e+01   1.0498597e+02  -5.1482586e+01   1.1397779e+02  -4.8008092e+01   1.0434187e-01
   2.1086111e+01  -7.6555005e+01   4.4417003e+01  -7.1915407e+01   7.4531156e+01  -6.2349559e+01   1.0504503e+02  -5.2101314e+01   1.1419700e+02  -4.8783510e+01   1.0327795e-01
   2.1084586e+01  -7.6360641e+01   4.4419176e+01  -7.2017499e+01   7.4660847e+01  -6.2848608e+01   1.0543340e+02  -5.2879473e+01   1.1443688e+02  -4.9499678e+01   9.6862411e-02
   2.1085466e+01  -7.6460133e+01   4.4419176e+01  -7.2017499e+01   7.4671230e+01  -6.3246800e+01   1.0564776e+02  -5.3471952e+01   1.1483739e+02  -5.0264781e+01   9.0250151e-02
   2.1086111e+01  -7.6555005e+01   4.4422337e+01  -7.2216025e+01   7.4869383e+01  -6.3446349e+01   1.0569204e+02  -5.3882862e+01   1.1487025e+02  -5.0774228e+01   8.6264322e-02
   2.1117881e+01  -7.6574922e+01   4.4543828e+01  -7.2098804e+01   7.4948680e+01  -6.3639103e+01   1.0590194e+02  -5.4562066e+01   1.1527411e+02  -5.1453135e+01   8.2058412e-02
   2.1085428e+01  -7.6455128e+01   4.4546995e+01  -7.2297034e+01   7.4957973e+01  -6.3940804e+01   1.0612169e+02  -5.5162154e+01   1.1550483e+02  -5.2248298e+01   8.0549344e-02
   2.1117881e+01  -7.6574922e+01   4.4546995e+01  -7.2297034e+01   7.5087241e+01  -6.4346280e+01   1.0633489e+02  -5.5659813e+01   1.1571180e+02  -5.2827488e+01   7.7648707e-02
   2.1241526e+01  -7.6332419e+01   4.4617412e+01  -7.2412988e+01   7.5166327e+01  -6.4538075e+01   1.0652655e+02  -5.6341242e+01   1.1574456e+02  -5.3428423e+01   7.0914359e-02
   2.1117881e+01  -7.6574922e+01   4.4620587e+01  -7.2611562e+01   7.5298307e+01  -6.5137477e+01   1.0656591e+02  -5.6836381e+01   1.1597020e+02  -5.4029941e+01   6.7873604e-02
   2.1086111e+01  -7.6555005e+01   4.4620587e+01  -7.2611562e+01   7.5375904e+01  -6.5231685e+01   1.0678130e+02  -5.7524167e+01   1.1618652e+02  -5.4902779e+01   6.6720666e-02
   2.1086111e+01  -7.6555005e+01   4.4623762e+01  -7.2810162e+01   7.5385233e+01  -6.5533768e+01   1.0700145e+02  -5.8125799e+01   1.1640938e+02  -5.5503030e+01   6.2641720e-02
   2.1086111e+01  -7.6555005e+01   4.4623762e+01  -7.2810162e+01   7.5515256e+01  -6.5942195e+01   1.0704392e+02  -5.8530501e+01   1.1663283e+02  -5.6197610e+01   5.6244062e-02
   2.1086111e+01  -7.6555005e+01   4.4747210e+01  -7.2793659e+01   7.5592559e+01  -6.6035238e+01   1.0705957e+02  -5.9019442e+01   1.1665698e+02  -5.6597671e+01   5.3893916e-02
   2.1086111e+01  -7.6555005e+01   4.4626937e+01  -7.3008788e+01   7.5600182e+01  -6.6427010e+01   1.0726876e+02  -5.9604784e+01   1.1687569e+02  -5.7378505e+01   5.0920437e-02
   2.1086111e+01  -7.6555005e+01   4.4748137e+01  -7.2890296e+01   7.5730662e+01  -6.6837425e+01   1.0764543e+02  -6.0500930e+01   1.1709190e+02  -5.8069622e+01   4.8652584e-02
   2.1086111e+01  -7.6555005e+01   4.4750388e+01  -7.2991986e+01   7.5738640e+01  -6.7043040e+01   1.0768512e+02  -6.0807303e+01   1.1730769e+02  -5.8762083e+01   4.5576196e-02
   2.1085428e+01  -7.6455128e+01   4.4751318e+01  -7.3088626e+01   7.5862733e+01  -6.7345691e+01   1.0769412e+02  -6.1100688e+01   1.1732351e+02  -5.8962715e+01   3.9995912e-02
   2.1085428e+01  -7.6455128e+01   4.4751318e+01  -7.3088626e+01   7.5939684e+01  -6.7436801e+01   1.0790358e+02  -6.1593789e+01   1.1734055e+02  -5.9451970e+01   3.8773603e-02
   2.1086111e+01  -7.6555005e+01   4.4753565e+01  -7.3190340e+01   7.5947671e+01  -6.7642539e+01   1.0792381e+02  -6.2091441e+01   1.1755664e+02  -5.9951418e+01   3.9256197e-02
   2.1085428e+01  -7.6455128e+01   4.4754500e+01  -7.3286982e+01   7.5952942e+01  -6.7842262e+01   1.0810399e+02  -6.2389606e+01   1.1757060e+02  -6.0250670e+01   3.7545909e-02
   2.1085428e+01  -7.6455128e+01   4.4754500e+01  -7.3286982e+01   7.6030984e+01  -6.8029375e+01   1.0813579e+02  -6.2775042e+01   1.1778467e+02  -6.0933211e+01   3.1473314e-02
   2.1085428e+01  -7.6455128e+01   4.4755524e+01  -7.3383243e+01   7.6087997e+01  -6.8546447e+01   1.0834154e+02  -6.3581040e+01   1.1782132e+02  -6.1730570e+01   3.0559922e-02
   2.1086111e+01  -7.6555005e+01   4.4828445e+01  -7.3603217e+01   7.6168688e+01  -6.8738947e+01   1.0835040e+02  -6.3875057e+01   1.1803124e+02  -6.2128486e+01   2.6239911e-02
   2.1085428e+01  -7.6455128e+01   4.4757682e+01  -7.3485365e+01   7.6053340e+01  -6.8923888e+01   1.0838768e+02  -6.4360928e+01   1.1805493e+02  -6.2615794e+01   2.0577011e-02
   2.1085428e+01  -7.6455128e+01   4.4831635e+01  -7.3801943e+01   7.6183214e+01  -6.9241554e+01   1.0858816e+02  -6.5067693e+01   1.1827273e+02  -6.3317141e+01   2.0080457e-02
   2.1085428e+01  -7.6455128e+01   4.4831635e+01  -7.3801943e+01   7.6260984e+01  -6.9426645e+01   1.0860848e+02  -6.5567315e+01   1.1830423e+02  -6.4108130e+01   1.6809682e-02
   2.1086111e+01  -7.6555005e+01   4.4834825e+01  -7.4000695e+01   7.6388527e+01  -6.9739022e+01   1.0864461e+02  -6.5956393e+01   1.1851125e+02  -6.4702996e+01   1.2382926e-02
   2.1086111e+01  -7.6555005e+01   4.4834825e+01  -7.4000695e+01   7.6397781e+01  -7.0041954e+01   1.0883914e+02  -6.6562703e+01   1.1854415e+02  -6.5202854e+01   1.1237546e-02
   2.1053754e+01  -7.6435420e+01   4.4834825e+01  -7.4000695e+01   7.6403082e+01  -7.0241990e+01   1.0887337e+02  -6.6854786e+01   1.1875010e+02  -6.5704440e+01   6.5907794e-03
   2.1085428e+01  -7.6455128e+01   4.4837061e+01  -7.4102666e+01   7.6408383e+01  -7.0442052e+01   1.0905528e+02  -6.7161295e+01   1.1876380e+02  -6.6005037e+01   3.5861401e-03
   2.1085428e+01  -7.6455128e+01   4.4837061e+01  -7.4102666e+01   7.6531074e+01  -7.0556284e+01   1.0906595e+02  -6.7365948e+01   1.1877603e+02  -6.6100052e+01   5.9564387e-04
   2.1086111e+01  -7.6555005e+01   4.4838015e+01  -7.4199474e+01   7.6408383e+01  -7.0442052e+01   1.0904661e+02  -6.7472172e+01   1.1878151e+02  -6.6201855e+01   1.1856435e-03
   2.1085428e+01  -7.6455128e+01   4.4838015e+01  -7.4199474e+01   7.6412252e+01  -7.0544684e+01   1.0906807e+02  -6.7462540e+01   1.1877961e+02  -6.6401790e+01  -7.2066347e-05
   2.1117881e+01  -7.6574922e+01   4.4838015e+01  -7.4199474e+01   7.6484522e+01  -7.0528476e+01   1.0907328e+02  -6.7564716e+01   1.1878941e+02  -6.6399945e+01  -1.9626877e-03
   2.1086111e+01  -7.6555005e+01   4.4838015e+01  -7.4199474e+01   7.6534950e+01  -7.0659080e+01   1.0907328e+02  -6.7564716e+01   1.1878941e+02  -6.6399945e+01  -2.2780850e-04
   2.1086111e+01  -7.6555005e+01   4.4838015e+01  -7.4199474e+01   7.6413684e+01  -7.0642140e+01   1.0907328e+02  -6.7564716e+01   1.1878509e+02  -6.6503764e+01  -1.3943241e-03
   2.1085428e+01  -7.6455128e+01   4.4838015e+01  -7.4199474e+01   7.6413684e+01  -7.0642140e+01   1.0905606e+02  -6.7768014e+01   1.1878941e+02  -6.6399945e+01  -1.0340287e-03
   2.1086111e+01  -7.6555005e+01   4.4838015e+01  -7.4199474e+01   7.6484522e+01  -7.0528476e+01   1.0908061e+02  -6.7763510e+01   1.1878509e+02  -6.6503764e+01  -2.3010914e-03
   2.1085428e+01  -7.6455128e+01   4.4838015e+01  -7.4199474e+01   7.6484522e+01  -7.0528476e+01   1.0908061e+02  -6.7763510e+01   1.1878941e+02  -6.6399945e+01   8.9935284e-05
   2.1086111e+01  -7.6555005e+01   4.4838015e+01  -7.4199474e+01   7.6536387e+01  -7.0756696e+01   1.0908061e+02  -6.7763510e+01   1.1879182e+02  -6.6496231e+01   2.6714882e-04
   2.1053754e+01  -7.6435420e+01   4.4840247e+01  -7.4301469e+01   7.6484522e+01  -7.0528476e+01   1.0908061e+02  -6.7763510e+01   1.1879730e+02  -6.6598060e+01  -7.7069876e-04
   2.1085428e+01  -7.6455128e+01   4.4838015e+01  -7.4199474e+01   7.6488390e+01  -7.0630964e+01   1.0908061e+02  -6.7763510e+01   1.1879730e+02  -6.6598060e+01  -3.5372486e-04
   2.1086111e+01  -7.6555005e+01   4.4838015e+01  -7.4199474e+01   7.6484522e+01  -7.0528476e+01   1.0908061e+02  -6.7763510e+01   1.1879730e+02  -6.6598060e+01  -1.2977463e-03
   2.1086111e+01  -7.6555005e+01   4.4838015e+01  -7.4199474e+01   7.6417551e+01  -7.0744791e+01   1.0908061e+02  -6.7763510e+01   1.1879972e+02  -6.6694357e+01   9.9927998e-05
   2.1085428e+01  -7.6455128e+01   4.4838015e+01  -7.4199474e+01   7.6417551e+01  -7.0744791e+01   1.0908061e+02  -6.7763510e+01   1.1879972e+02  -6.6694357e+01   4.6274680e-04
   2.1240684e+01  -7.6238084e+01   4.4838015e+01  -7.4199474e+01   7.6611021e+01  -7.0745325e+01   1.0908061e+02  -6.7763510e+01   1.1879972e+02  -6.6694357e+01  -4.3952262e-04
   2.1086111e+01  -7.6555005e+01   4.4838015e+01  -7.4199474e+01   7.6488390e+01  -7.0630964e+01   1.0908061e+02  -6.7763510e+01   1.1880520e+02  -6.6796199e+01  -1.1012472e-03
   2.1053075e+01  -7.6335696e+01   4.4840247e+01  -7.4301469e+01   7.6488390e+01  -7.0630964e+01   1.0908794e+02  -6.7962328e+01   1.1880520e+02  -6.6796199e+01  -7.0233121e-04
   2.1085428e+01  -7.6455128e+01   4.4838015e+01  -7.4199474e+01   7.6611021e+01  -7.0745325e+01   1.0908794e+02  -6.7962328e+01   1.1879972e+02  -6.6694357e+01  -1.6236785e-03
   2.1086111e+01  -7.6555005e+01   4.4838015e+01  -7.4199474e+01   7.6417551e+01  -7.0744791e+01   1.0908794e+02  -6.7962328e+01   1.1880520e+02  -6.6796199e+01   2.1114139e-03
   2.1242219e+01  -7.6432136e+01   4.4838015e+01  -7.4199474e+01   7.6488390e+01  -7.0630964e+01   1.0908061e+02  -6.7763510e+01   1.1880520e+02  -6.6796199e+01  -9.4705930e-04
   2.1085466e+01  -7.6460133e+01   4.4840247e+01  -7.4301469e+01   7.6417551e+01  -7.0744791e+01   1.0908794e+02  -6.7962328e+01   1.1880520e+02  -6.6796199e+01  -6.6691434e-04
   2.1086111e+01  -7.6555005e+01   4.4838015e+01  -7.4199474e+01   7.6488390e+01  -7.0630964e+01   1.0908794e+02  -6.7962328e+01   1.1880520e+02  -6.6796199e+01   2.1072129e-03
   2.1117881e+01  -7.6574922e+01   4.4838015e+01  -7.4199474e+01   7.6488390e+01  -7.0630964e+01   1.0908794e+02  -6.7962328e+01   1.1879972e+02  -6.6694357e+01   1.0374906e-04
   2.1086111e+01  -7.6555005e+01   4.4840247e+01  -7.4301469e+01   7.6488390e+01  -7.0630964e+01   1.0908794e+02  -6.7962328e+01   1.1880520e+02  -6.6796199e+01   2.7224544e-04
   2.1053754e+01  -7.6435420e+01   4.4838015e+01  -7.4199474e+01   7.6488390e+01  -7.0630964e+01   1.0908794e+02  -6.7962328e+01   1.1880520e+02  -6.6796199e+01   1.8561485e-04
   2.1241526e+01  -7.6332419e+01   4.4838015e+01  -7.4199474e+01   7.6611021e+01  -7.0745325e+01   1.0908794e+02  -6.7962328e+01   1.1880520e+02  -6.6796199e+01   1.1616954e-03
   2.1241526e+01  -7.6332419e+01   4.4840247e+01  -7.4301469e+01   7.6611021e+01  -7.0745325e+01   1.0908794e+02  -6.7962328e+01   1.1899580e+02  -6.6903787e+01  -1.0940605e-03
   2.1086111e+01  -7.6555005e+01   4.4838015e+01  -7.4199474e+01   7.6611021e+01  -7.0745325e+01   1.0908794e+02  -6.7962328e+01   1.1880520e+02  -6.6796199e+01   1.8329006e-03
   2.1085428e+01  -7.6455128e+01   4.4838015e+01  -7.4199474e+01   7.6488390e+01  -7.0630964e+01   1.0891326e+02  -6.7852920e+01   1.1899580e+02  -6.6903787e+01  -4.1489202e-04
   2.1086111e+01  -7.6555005e+01   4.4838015e+01  -7.4199474e+01   7.6488390e+01  -7.0630964e+01   1.0908794e+02  -6.7962328e+01   1.1899580e+02  -6.6903787e+01  -6.8391619e-04
   2.1085428e+01  -7.6455128e+01   4.4838015e+01  -7.4199474e+01   7.6611021e+01  -7.0745325e+01   1.0908557e+02  -6.7865366e+01   1.1880520e+02  -6.6796199e+01  -2.3976545e-04
   2.1086111e+01  -7.6555005e+01   4.4838015e+01  -7.4199474e+01   7.6540261e+01  -7.0859512e+01   1.0908297e+02  -6.7768067e+01   1.1879460e+02  -6.6501435e+01   2.2358547e-03
   2.1085428e+01  -7.6455128e+01   4.4838015e+01  -7.4199474e+01   7.6534950e+01  -7.0659080e+01   1.0907281e+02  -6.7471651e+01   1.1877940e+02  -6.6309904e+01   6.8148245e-04
   2.1086111e+01  -7.6555005e+01   4.4837061e+01  -7.4102666e+01   7.6410743e+01  -7.0446865e+01   1.0905628e+02  -6.7070288e+01   1.1876035e+02  -6.5815790e+01   1.9967531e-03
   2.1086111e+01  -7.6555005e+01   4.4837061e+01  -7.4102666e+01   7.6400149e+01  -7.0046744e+01   1.0901686e+02  -6.6582924e+01   1.1873231e+02  -6.5323042e+01   7.0650222e-03
   2.1086111e+01  -7.6555005e+01   4.4833875e+01  -7.3903890e+01   7.6393275e+01  -6.9748568e+01   1.0880475e+02  -6.6084542e+01   1.1851477e+02  -6.4525646e+01   1.4281648e-02
   2.1085428e+01  -7.6455128e+01   4.4833875e+01  -7.3903890e+01   7.6313194e+01  -6.9558851e+01   1.0877857e+02  -6.5387145e+01   1.1847858e+02  -6.3833004e+01   2.0180655e-02
   2.1086111e+01  -7.6555005e+01   4.4830689e+01  -7.3705139e+01   7.6180312e+01  -6.9046383e+01   1.0856234e+02  -6.4788406e+01   1.1826070e+02  -6.3035752e+01   2.8552614e-02
   2.1085428e+01  -7.6455128e+01   4.4830689e+01  -7.3705139e+01   7.6103655e+01  -6.8957625e+01   1.0854776e+02  -6.4391017e+01   1.1824498e+02  -6.2639879e+01   3.1619391e-02
   2.1085428e+01  -7.6455128e+01   4.4635526e+01  -7.3508022e+01   7.6165949e+01  -6.8544529e+01   1.0852589e+02  -6.3795121e+01   1.1801904e+02  -6.1845535e+01   3.5761323e-02
   2.1086111e+01  -7.6555005e+01   4.4635526e+01  -7.3508022e+01   7.5965883e+01  -6.8246477e+01   1.0830684e+02  -6.3099282e+01   1.1798669e+02  -6.1250612e+01   3.9373432e-02
   2.1242219e+01  -7.6432136e+01   4.4756743e+01  -7.3388720e+01   7.5959069e+01  -6.7948619e+01   1.0809089e+02  -6.2501553e+01   1.1776845e+02  -6.0653817e+01   4.6150903e-02
   2.1085428e+01  -7.6455128e+01   4.4753565e+01  -7.3190340e+01   7.5878399e+01  -6.7756400e+01   1.0806592e+02  -6.1808417e+01   1.1772769e+02  -5.9858241e+01   5.0227973e-02
   2.1085428e+01  -7.6455128e+01   4.4753565e+01  -7.3190340e+01   7.5941010e+01  -6.7345498e+01   1.0785169e+02  -6.1305930e+01   1.1751769e+02  -5.9262656e+01   5.5263109e-02
   2.1085428e+01  -7.6455128e+01   4.4750388e+01  -7.2991986e+01   7.5741058e+01  -6.7047667e+01   1.0782725e+02  -6.0613962e+01   1.1728880e+02  -5.8372100e+01   5.7805673e-02
   2.1085428e+01  -7.6455128e+01   4.4629183e+01  -7.3110643e+01   7.5658565e+01  -6.6756033e+01   1.0761157e+02  -6.0017310e+01   1.1706760e+02  -5.7679396e+01   6.0607792e-02
   2.1086111e+01  -7.6555005e+01   4.4626011e+01  -7.2911993e+01   7.5649509e+01  -6.6454069e+01   1.0757114e+02  -5.9614335e+01   1.1703606e+02  -5.7172897e+01   6.4628242e-02
   2.1085428e+01  -7.6455128e+01   4.4626011e+01  -7.2911993e+01   7.5525368e+01  -6.6150847e+01   1.0735696e+02  -5.9020527e+01   1.1681591e+02  -5.6482951e+01   7.0824732e-02
   2.1086111e+01  -7.6555005e+01   4.4747210e+01  -7.2793659e+01   7.5516403e+01  -6.5849812e+01   1.0716610e+02  -5.8429024e+01   1.1660442e+02  -5.5797048e+01   7.0298956e-02
   2.1085428e+01  -7.6455128e+01   4.4622840e+01  -7.2713369e+01   7.5433634e+01  -6.5556566e+01   1.0694790e+02  -5.7735981e+01   1.1657049e+02  -5.5194640e+01   7.8316668e-02
   2.1085428e+01  -7.6455128e+01   4.4622840e+01  -7.2713369e+01   7.5303788e+01  -6.5149221e+01   1.0674865e+02  -5.6946570e+01   1.1615695e+02  -5.4311114e+01   8.2941646e-02
   2.1085428e+01  -7.6455128e+01   4.4619670e+01  -7.2514771e+01   7.5224541e+01  -6.4956970e+01   1.0671394e+02  -5.6644936e+01   1.1613052e+02  -5.3904709e+01   8.5100084e-02
   2.1086111e+01  -7.6555005e+01   4.4619670e+01  -7.2514771e+01   7.5217828e+01  -6.4659228e+01   1.0650319e+02  -5.6150378e+01   1.1591402e+02  -5.3313346e+01   8.8727495e-02
   2.1085428e+01  -7.6455128e+01   4.4549248e+01  -7.2398657e+01   7.5211631e+01  -6.4553176e+01   1.0629078e+02  -5.5745430e+01   1.1570425e+02  -5.2725685e+01   9.0512940e-02
   2.1086111e+01  -7.6555005e+01   4.4616499e+01  -7.2316200e+01   7.5011729e+01  -6.4255756e+01   1.0625336e+02  -5.5345268e+01   1.1567136e+02  -5.2404114e+01   9.2475316e-02
   2.1086111e+01  -7.6555005e+01   4.4614238e+01  -7.2214441e+01   7.4931970e+01  -6.4061929e+01   1.0620852e+02  -5.4838685e+01   1.1545055e+02  -5.1712525e+01   9.6884143e-02
   2.1085428e+01  -7.6455128e+01   4.4543828e+01  -7.2098804e+01   7.4922954e+01  -6.3760097e+01   1.0581839e+02  -5.4054576e+01   1.1522360e+02  -5.0917467e+01   9.7751726e-02
   2.1242219e+01  -7.6432136e+01   4.4421431e+01  -7.2119238e+01   7.4797608e+01  -6.3457222e+01   1.0580413e+02  -5.3659444e+01   1.1501100e+02  -5.0424092e+01   1.0378808e-01
   2.1086111e+01  -7.6555005e+01   4.4491758e+01  -7.2235082e+01   7.4792410e+01  -6.3257759e+01   1.0579699e+02  -5.3461915e+01   1.1500332e+02  -5.0226932e+01   1.0575684e-01
   2.1086111e+01  -7.6555005e+01   4.4542921e+01  -7.2002175e+01   7.4667485e+01  -6.2956228e+01   1.0558200e+02  -5.2867571e+01   1.1478112e+02  -4.9532926e+01   1.0831499e-01
   2.1053075e+01  -7.6335696e+01   4.4418274e+01  -7.1920714e+01   7.4582219e+01  -6.2561469e+01   1.0533730e+02  -5.2161927e+01   1.1454775e+02  -4.8823020e+01   1.1206863e-01
   2.1053075e+01  -7.6335696e+01   4.4418274e+01  -7.1920714e+01   7.4499476e+01  -6.2361157e+01   1.0512490e+02  -5.1664506e+01   1.1432573e+02  -4.8128959e+01   1.1519574e-01
   2.1118567e+01  -7.6674952e+01   4.4416015e+01  -7.1818999e+01   7.4374869e+01  -6.2060730e+01   1.0490749e+02  -5.1066187e+01   1.1392042e+02  -4.7358406e+01   1.1860040e-01
   2.1086111e+01  -7.6555005e+01   4.4293243e+01  -7.1839015e+01   7.4290467e+01  -6.1761967e+01   1.0469036e+02  -5.0375420e+01   1.1368931e+02  -4.6743249e+01   1.2591399e-01
   2.1086111e+01  -7.6555005e+01   4.4411962e+01  -7.1523745e+01   7.4164870e+01  -6.1364988e+01   1.0444959e+02  -4.9860502e+01   1.1346737e+02  -4.6050071e+01   1.2704362e-01
   2.1086111e+01  -7.6555005e+01   4.4287830e+01  -7.1538389e+01   7.4005581e+01  -6.1164255e+01   1.0422957e+02  -4.9071866e+01   1.1322939e+02  -4.5238763e+01   1.3414938e-01
   2.1086111e+01  -7.6555005e+01   4.4409694e+01  -7.1422077e+01   7.3877843e+01  -6.0763751e+01   1.0401261e+02  -4.8474332e+01   1.1281156e+02  -4.4540202e+01   1.3795210e-01
   2.1085428e+01  -7.6455128e+01   4.4286942e+01  -7.1441453e+01   7.3943507e+01  -6.0364638e+01   1.0363343e+02  -4.7899463e+01   1.1260776e+02  -4.3878365e+01   1.4239652e-01
   2.1274864e+01  -7.6551711e+01   4.4284676e+01  -7.1339645e+01   7.3669071e+01  -6.0165227e+01   1.0359008e+02  -4.7484156e+01   1.1237512e+02  -4.3258723e+01   1.4794204e-01
   2.1241526e+01  -7.6332419e+01   4.4335582e+01  -7.1012981e+01   7.3582266e+01  -5.9765620e+01   1.0317487e+02  -4.6691940e+01   1.1213701e+02  -4.2537057e+01   1.5108298e-01
   2.1085428e+01  -7.6455128e+01   4.4211541e+01  -7.1026827e+01   7.3455269e+01  -5.9367687e+01   1.0295552e+02  -4.5998307e+01   1.1153374e+02  -4.1577944e+01   1.5326407e-01
   2.1086111e+01  -7.6555005e+01   4.4210664e+01  -7.0930054e+01   7.3374621e+01  -5.9264389e+01   1.0271749e+02  -4.5578463e+01   1.1132228e+02  -4.1086893e+01   1.5920776e-01
   2.1086111e+01  -7.6555005e+01   4.4210664e+01  -7.0930054e+01   7.3251778e+01  -5.8968921e+01   1.0250985e+02  -4.5182312e+01   1.1128730e+02  -4.0657987e+01   1.6375419e-01
   2.1086111e+01  -7.6555005e+01   4.4208395e+01  -7.0828453e+01   7.3165737e+01  -5.8665558e+01   1.0229046e+02  -4.4488439e+01   1.1086391e+02  -3.9767525e+01   1.6838290e-01
   2.1085428e+01  -7.6455128e+01   4.4207522e+01  -7.0731682e+01   7.3043257e+01  -5.8371138e+01   1.0191711e+02  -4.3924834e+01   1.1047722e+02  -3.9308987e+01   1.7096863e-01
   2.1085428e+01  -7.6455128e+01   4.4205249e+01  -7.0630105e+01   7.2956935e+01  -5.8066976e+01   1.0167308e+02  -4.3401993e+01   1.1024739e+02  -3.8784167e+01   1.7833594e-01
   2.1086111e+01  -7.6555005e+01   4.4204381e+01  -7.0533337e+01   7.2758361e+01  -5.7867314e+01   1.0146092e+02  -4.2906044e+01   1.1001147e+02  -3.8249762e+01   1.7966172e-01
   2.1086111e+01  -7.6555005e+01   4.4205249e+01  -7.0630105e+01   7.2633888e+01  -5.7569562e+01   1.0145054e+02  -4.2704372e+01   1.0965863e+02  -3.7764613e+01   1.8497805e-01
   2.1086111e+01  -7.6555005e+01   4.4204381e+01  -7.0533337e+01   7.2750591e+01  -5.7663232e+01   1.0128228e+02  -4.2534182e+01   1.0964114e+02  -3.7824254e+01   1.8977837e-01
   2.1209673e+01  -7.6312921e+01   4.4203058e+01  -7.0528182e+01   7.2638953e+01  -5.7768578e+01   1.0132092e+02  -4.2758306e+01   1.0967725e+02  -3.7799947e+01   1.8864872e-01
   2.1053075e+01  -7.6335696e+01   4.4205249e+01  -7.0630105e+01   7.2910474e+01  -5.7868227e+01   1.0155949e+02  -4.3273715e+01   1.0990419e+02  -3.8415127e+01   1.8757133e-01
   2.1085428e+01  -7.6455128e+01   4.4206209e+01  -7.0726505e+01   7.2915557e+01  -5.8066958e+01   1.0176590e+02  -4.3667370e+01   1.1011865e+02  -3.8908210e+01   1.8724914e-01
   2.1085428e+01  -7.6455128e+01   4.4208395e+01  -7.0828453e+01   7.3040569e+01  -5.8366361e+01   1.0194794e+02  -4.4137540e+01   1.1049243e+02  -3.9432357e+01   1.7905747e-01
   2.1086111e+01  -7.6555005e+01   4.4208395e+01  -7.0828453e+01   7.3045661e+01  -5.8565481e+01   1.0215358e+02  -4.4436768e+01   1.1070698e+02  -3.9926855e+01   1.6587628e-01
   2.1085466e+01  -7.6460133e+01   4.4208395e+01  -7.0828453e+01   7.3122675e+01  -5.8567359e+01   1.0218586e+02  -4.4651339e+01   1.1091905e+02  -4.0149767e+01   1.6396038e-01
   2.1086111e+01  -7.6555005e+01   4.4209359e+01  -7.0924855e+01   7.3325813e+01  -5.8965363e+01   1.0242829e+02  -4.5170332e+01   1.1097916e+02  -4.0710239e+01   1.6050096e-01
   2.1086111e+01  -7.6555005e+01   4.4279335e+01  -7.1038793e+01   7.3330921e+01  -5.9164246e+01   1.0280515e+02  -4.5739284e+01   1.1137211e+02  -4.1364276e+01   1.5729256e-01
   2.1085428e+01  -7.6455128e+01   4.4211541e+01  -7.1026827e+01   7.3529007e+01  -5.9363482e+01   1.0281907e+02  -4.6132208e+01   1.1158017e+02  -4.1757275e+01   1.4961516e-01
   2.1086111e+01  -7.6555005e+01   4.4212510e+01  -7.1123231e+01   7.3539250e+01  -5.9761379e+01   1.0306168e+02  -4.6744250e+01   1.1181138e+02  -4.2468095e+01   1.4579294e-01
   2.1086111e+01  -7.6555005e+01   4.4214688e+01  -7.1225227e+01   7.3737391e+01  -5.9960706e+01   1.0328042e+02  -4.7341527e+01   1.1221880e+02  -4.3234113e+01   1.4033744e-01
   2.1242219e+01  -7.6432136e+01   4.4214688e+01  -7.1225227e+01   7.3746522e+01  -6.0262152e+01   1.0348820e+02  -4.7830869e+01   1.1226214e+02  -4.3583757e+01   1.3110728e-01
   2.1085428e+01  -7.6455128e+01   4.4285651e+01  -7.1436206e+01   7.3828615e+01  -6.0556260e+01   1.0371642e+02  -4.8142136e+01   1.1247162e+02  -4.4258244e+01   1.2875995e-01
   2.1086111e+01  -7.6555005e+01   4.4409694e+01  -7.1422077e+01   7.4029442e+01  -6.0761581e+01   1.0391486e+02  -4.8918244e+01   1.1287955e+02  -4.4933174e+01   1.2730252e-01
   2.1086111e+01  -7.6555005e+01   4.4287830e+01  -7.1538389e+01   7.4035740e+01  -6.1056870e+01   1.0415517e+02  -4.9431796e+01   1.1310891e+02  -4.5545943e+01   1.2093484e-01
   2.1242219e+01  -7.6432136e+01   4.4412855e+01  -7.1620525e+01   7.4234789e+01  -6.1352253e+01   1.0436389e+02  -5.0015780e+01   1.1332547e+02  -4.6229102e+01   1.1595393e-01
   2.1085428e+01  -7.6455128e+01   4.4412855e+01  -7.1620525e+01   7.4244026e+01  -6.1653869e+01   1.0458285e+02  -5.0613880e+01   1.1354803e+02  -4.6919743e+01   1.1209886e-01
   2.1242219e+01  -7.6432136e+01   4.4413838e+01  -7.1716932e+01   7.4369319e+01  -6.2049434e+01   1.0478469e+02  -5.1001766e+01   1.1393983e+02  -4.7578326e+01   1.0540247e-01
   2.1086111e+01  -7.6555005e+01   4.4416015e+01  -7.1818999e+01   7.4452395e+01  -6.2251115e+01   1.0500495e+02  -5.1695333e+01   1.1399104e+02  -4.8023959e+01   1.0217598e-01
   2.1085428e+01  -7.6455128e+01   4.4416015e+01  -7.1818999e+01   7.4651572e+01  -6.2546706e+01   1.0521912e+02  -5.2287267e+01   1.1439027e+02  -4.8785675e+01   1.0043421e-01
   2.1085428e+01  -7.6455128e+01   4.4419176e+01  -7.2017499e+01   7.4664859e+01  -6.2951165e+01   1.0543340e+02  -5.2879473e+01   1.1443134e+02  -4.9492621e+01   9.4699714e-02
   2.1086111e+01  -7.6555005e+01   4.4419176e+01  -7.2017499e+01   7.4671230e+01  -6.3246800e+01   1.0547910e+02  -5.3385950e+01   1.1465411e+02  -5.0184070e+01   8.8779345e-02
   2.1053754e+01  -7.6435420e+01   4.4540661e+01  -7.1900600e+01   7.4869383e+01  -6.3446349e+01   1.0569320e+02  -5.3977745e+01   1.1487025e+02  -5.0774228e+01   8.7724207e-02
   2.1086111e+01  -7.6555005e+01   4.4543828e+01  -7.2098804e+01   7.4878603e+01  -6.3748150e+01   1.0587534e+02  -5.4363657e+01   1.1507576e+02  -5.1350227e+01   8.2249414e-02
   2.1086111e+01  -7.6555005e+01   4.4543828e+01  -7.2098804e+01   7.5078003e+01  -6.4044338e+01   1.0594629e+02  -5.4971564e+01   1.1530381e+02  -5.2049746e+01   8.0116811e-02
   2.1086111e+01  -7.6555005e+01   4.4546995e+01  -7.2297034e+01   7.5088440e+01  -6.4442843e+01   1.0632989e+02  -5.5652546e+01   1.1571279e+02  -5.2922031e+01   7.6685640e-02
   2.1241573e+01  -7.6337418e+01   4.4617412e+01  -7.2412988e+01   7.5167458e+01  -6.4634153e+01   1.0638061e+02  -5.6257149e+01   1.1574456e+02  -5.3428423e+01   7.1978585e-02
   2.1085428e+01  -7.6455128e+01   4.4620587e+01  -7.2611562e+01   7.5297170e+01  -6.5041236e+01   1.0674265e+02  -5.7030459e+01   1.1596898e+02  -5.4216549e+01   6.8155508e-02
   2.1084586e+01  -7.6360641e+01   4.4620587e+01  -7.2611562e+01   7.5306424e+01  -6.5343412e+01   1.0678405e+02  -5.7341785e+01   1.1600425e+02  -5.4633120e+01   6.2077472e-02
   2.1118567e+01  -7.6674952e+01   4.4741775e+01  -7.2493714e+01   7.5385233e+01  -6.5533768e+01   1.0682352e+02  -5.7835538e+01   1.1621693e+02  -5.5312027e+01   6.0957795e-02
   2.1085428e+01  -7.6455128e+01   4.4623762e+01  -7.2810162e+01   7.5515256e+01  -6.5942195e+01   1.0702035e+02  -5.8527139e+01   1.1643136e+02  -5.5998297e+01   6.0089268e-02
   2.1085428e+01  -7.6455128e+01   4.4623762e+01  -7.2810162e+01   7.5591265e+01  -6.5938443e+01   1.0720440e+02  -5.8920868e+01   1.1682735e+02  -5.6485121e+01   5.4024776e-02
   2.1086111e+01  -7.6555005e+01   4.4626937e+01  -7.3008788e+01   7.5521724e+01  -6.6238299e+01   1.0723071e+02  -5.9114405e+01   1.1665079e+02  -5.6780551e+01   4.9891151e-02
   2.1086111e+01  -7.6555005e+01   4.4626937e+01  -7.3008788e+01   7.5603051e+01  -6.6433661e+01   1.0724961e+02  -5.9516055e+01   1.1686550e+02  -5.7184314e+01   5.3632906e-02
   2.1085428e+01  -7.6455128e+01   4.4626937e+01  -7.3008788e+01   7.5729430e+01  -6.6740800e+01   1.0763818e+02  -6.0303098e+01   1.1708273e+02  -5.7777745e+01   5.0016291e-02
   2.1053075e+01  -7.6335696e+01   4.4750388e+01  -7.2991986e+01   7.5735923e+01  -6.7037029e+01   1.0766899e+02  -6.0595827e+01   1.1711524e+02  -5.8467051e+01   4.7926102e-02
   2.1241526e+01  -7.6332419e+01   4.4751318e+01  -7.3088626e+01   7.5818199e+01  -6.7327786e+01   1.0771914e+02  -6.1289878e+01   1.1733384e+02  -5.9349461e+01   4.3497779e-02
   2.1086111e+01  -7.6555005e+01   4.4754500e+01  -7.3286982e+01   7.5944959e+01  -6.7636483e+01   1.0791939e+02  -6.2084421e+01   1.1755919e+02  -6.0141099e+01   3.8400499e-02
   2.1086111e+01  -7.6555005e+01   4.4633289e+01  -7.3406120e+01   7.5958214e+01  -6.8042011e+01   1.0813340e+02  -6.2584893e+01   1.1778208e+02  -6.0743458e+01   3.7304853e-02
   2.1085428e+01  -7.6455128e+01   4.4755524e+01  -7.3383243e+01   7.6154079e+01  -6.8236186e+01   1.0814926e+02  -6.3075828e+01   1.1780707e+02  -6.1430704e+01   3.1328624e-02
   2.1085428e+01  -7.6455128e+01   4.4828445e+01  -7.3603217e+01   7.6168688e+01  -6.8738947e+01   1.0835173e+02  -6.3970485e+01   1.1803270e+02  -6.2223576e+01   2.8550232e-02
   2.1085428e+01  -7.6455128e+01   4.4831635e+01  -7.3801943e+01   7.6175235e+01  -6.9035487e+01   1.0839981e+02  -6.4566764e+01   1.1806416e+02  -6.3013974e+01   2.5493477e-02
   2.1242219e+01  -7.6432136e+01   4.4760865e+01  -7.3683773e+01   7.6184552e+01  -6.9338603e+01   1.0858952e+02  -6.5163168e+01   1.1827560e+02  -6.3614146e+01   2.0105199e-02
   2.1085428e+01  -7.6455128e+01   4.4831635e+01  -7.3801943e+01   7.6312161e+01  -6.9651307e+01   1.0860664e+02  -6.5471159e+01   1.1830245e+02  -6.4012634e+01   1.5770639e-02
   2.1085428e+01  -7.6455128e+01   4.4834825e+01  -7.4000695e+01   7.6388527e+01  -6.9739022e+01   1.0864461e+02  -6.5956393e+01   1.1851440e+02  -6.4506798e+01   1.0944680e-02
   2.1085428e+01  -7.6455128e+01   4.4834825e+01  -7.4000695e+01   7.6393829e+01  -6.9939012e+01   1.0883344e+02  -6.6459936e+01   1.1853808e+02  -6.5100472e+01   1.0868987e-02
   2.1085428e+01  -7.6455128e+01   4.4837061e+01  -7.4102666e+01   7.6403082e+01  -7.0241990e+01   1.0887337e+02  -6.6854786e+01   1.1875010e+02  -6.5704440e+01   6.0167432e-03
   2.1085428e+01  -7.6455128e+01   4.4837061e+01  -7.4102666e+01   7.6408383e+01  -7.0442052e+01   1.0888613e+02  -6.7155505e+01   1.1876813e+02  -6.5902000e+01   3.6807967e-03
   2.1242219e+01  -7.6432136e+01   4.4838015e+01  -7.4199474e+01   7.6408383e+01  -7.0442052e+01   1.0906595e+02  -6.7365948e+01   1.1877362e+02  -6.6003790e+01   3.2129471e-04
